----------------------------------------------------------.
Numero Intentos:100
NPI: Numero iteraciones promedio.
TP: Tiempo Promedio.
TE: Tasa de exito.
DPR: Desviación porcentual relativa.
----------------------------------------------------------.
FUNCION             |ALGORITMO                     |DIMENSION |NPI     |TE      |MEJOR OPTIMO  |PROM OPTIMOS|DPR     |TP        |EVALUACIONES   

####----Nombre archivo: 1000_25_1.txt----

Cuadratica          |IHEAIHEA                      |1000      |96,00   |0,040000|6172407,00    |6165952,77  |0,104566|28755,00  |0,000000       

####----Nombre archivo: 1000_50_1.txt----

Cuadratica          |IHEAIHEA                      |1000      |96,00   |0,680000|5663590,00    |5663569,73  |0,000358|48743,00  |0,000000       

----Nombre archivo: 1000_50_2.txt----

Cuadratica          |IHEAIHEA                      |1000      |96,00   |1,000000|180831,00     |180831,00   |0,000000|18448,00  |0,000000       

----Nombre archivo: 1000_50_3.txt----

Cuadratica          |IHEAIHEA                      |1000      |96,00   |0,550000|11384283,00   |11384151,31 |0,001157|43863,00  |0,000000       

----Nombre archivo: 1000_50_4.txt----

Cuadratica          |IHEAIHEA                      |1000      |96,00   |0,820000|322226,00     |322218,08   |0,002458|27255,00  |0,000000       

----Nombre archivo: 1000_50_5.txt----

Cuadratica          |IHEAIHEA                      |1000      |96,00   |0,000000|9984219,00    |9984132,71  |0,001145|38253,00  |0,000000       

----Nombre archivo: 1000_50_6.txt----

Cuadratica          |IHEAIHEA                      |1000      |96,00   |1,000000|4106261,00    |4106261,00  |0,000000|41685,00  |0,000000       

----Nombre archivo: 1000_50_7.txt----

Cuadratica          |IHEAIHEA                      |1000      |96,00   |0,430000|10498370,00   |10498317,26 |0,000502|29523,00  |0,000000       

----Nombre archivo: 1000_50_8.txt----

Cuadratica          |IHEAIHEA                      |1000      |96,00   |0,000000|4980460,00    |4980239,98  |0,018189|47610,00  |0,000000       

----Nombre archivo: 1000_50_9.txt----

Cuadratica          |IHEAIHEA                      |1000      |96,00   |0,350000|1727861,00    |1727741,35  |0,006925|47509,00  |0,000000       

----Nombre archivo: 1000_50_10.txt----

Cuadratica          |IHEAIHEA                      |1000      |96,00   |0,550000|2340724,00    |2340700,90  |0,000987|47288,00  |0,000000       

####----Nombre archivo: 1000_75_1.txt----

Cuadratica          |IHEAIHEA                      |1000      |96,00   |0,310000|11570056,00   |11570045,06 |0,000095|44978,00  |0,000000       

----Nombre archivo: 1000_75_2.txt----

Cuadratica          |IHEAIHEA                      |1000      |96,00   |1,000000|1901389,00    |1901389,00  |0,000000|41390,00  |0,000000       

----Nombre archivo: 1000_75_3.txt----

Cuadratica          |IHEAIHEA                      |1000      |96,00   |0,170000|2096485,00    |2093612,45  |0,137017|48355,00  |0,000000       

----Nombre archivo: 1000_75_4.txt----

Cuadratica          |IHEAIHEA                      |1000      |96,00   |1,000000|7305321,00    |7305321,00  |0,000000|44684,00  |0,000000       

----Nombre archivo: 1000_75_5.txt----

Cuadratica          |IHEAIHEA                      |1000      |96,00   |0,000000|13970240,00   |13969938,57 |0,006467|48659,00  |0,000000       

----Nombre archivo: 1000_75_6.txt----

Cuadratica          |IHEAIHEA                      |1000      |96,00   |1,000000|12288738,00   |12288738,00 |0,000000|39438,00  |0,000000       

----Nombre archivo: 1000_75_7.txt----

Cuadratica          |IHEAIHEA                      |1000      |96,00   |0,130000|1095837,00    |1094403,82  |0,130784|41952,00  |0,000000       

----Nombre archivo: 1000_75_8.txt----

Cuadratica          |IHEAIHEA                      |1000      |96,00   |1,000000|5575813,00    |5575813,00  |0,000000|49129,00  |0,000000       

----Nombre archivo: 1000_75_9.txt----

Cuadratica          |IHEAIHEA                      |1000      |96,00   |0,950000|695774,00     |695771,58   |0,000348|33441,00  |0,000000       

----Nombre archivo: 1000_75_10.txt----

Cuadratica          |IHEAIHEA                      |1000      |96,00   |0,980000|2507677,00    |2507665,59  |0,000455|43855,00  |0,000000       

####----Nombre archivo: 1000_100_1.txt----

Cuadratica          |IHEAIHEA                      |1000      |96,00   |0,210000|6243494,00    |6243395,48  |0,001578|49600,00  |0,000000       

----Nombre archivo: 1000_100_2.txt----

Cuadratica          |IHEAIHEA                      |1000      |96,00   |0,330000|4854086,00    |4854053,47  |0,000670|49697,00  |0,000000       

----Nombre archivo: 1000_100_3.txt----

Cuadratica          |IHEAIHEA                      |1000      |96,00   |1,000000|3172022,00    |3172022,00  |0,000000|49308,00  |0,000000       

----Nombre archivo: 1000_100_4.txt----

Cuadratica          |IHEAIHEA                      |1000      |96,00   |1,000000|754727,00     |754727,00   |0,000000|39570,00  |0,000000       

----Nombre archivo: 1000_100_5.txt----

Cuadratica          |IHEAIHEA                      |1000      |96,00   |0,270000|18646620,00   |18646572,41 |0,000255|48060,00  |0,000000       

----Nombre archivo: 1000_100_6.txt----

Cuadratica          |IHEAIHEA                      |1000      |96,00   |0,850000|16020232,00   |16020192,47 |0,000247|47590,00  |0,000000       

----Nombre archivo: 1000_100_7.txt----

Cuadratica          |IHEAIHEA                      |1000      |96,00   |0,970000|12936205,00   |12936187,65 |0,000134|43705,00  |0,000000       

----Nombre archivo: 1000_100_8.txt----

Cuadratica          |IHEAIHEA                      |1000      |96,00   |0,060000|6927738,00    |6927625,69  |0,001621|48875,00  |0,000000       

----Nombre archivo: 1000_100_9.txt----

Cuadratica          |IHEAIHEA                      |1000      |96,00   |1,000000|3874959,00    |3874959,00  |0,000000|39890,00  |0,000000       

----Nombre archivo: 1000_100_10.txt----

Cuadratica          |IHEAIHEA                      |1000      |96,00   |0,860000|1334494,00    |1334480,84  |0,000986|41031,00  |0,000000       

--------------------RESUMEN-----------------
Algoritmo[IHEAIHEA]
aciertos:59,71%
desviacion:0,013450
tiempo promedio:42327,06ms
-----------

