85 0.0 0.0 0.0 0.0 79.0 16.0 43.0 75.0 65.0 36.0 26.0 25.0 58.0 21.0 0.0 10.0 81.0 62.0 92.0 20.0 0.0 0.0 13.0 10.0 81.0 87.0 4.0 39.0 0.0 2.0 23.0 43.0 46.0 44.0 7.0 90.0 36.0 18.0 67.0 0.0 0.0 44.0 21.0 0.0 59.0 0.0 0.0 0.0 0.0 91.0 43.0 75.0 12.0 0.0 0.0 14.0 9.0 0.0 0.0 79.0 0.0 14.0 0.0 21.0 0.0 55.0 70.0 19.0 66.0 84.0 8.0 31.0 37.0 18.0 13.0 0.0 20.0 0.0 20.0 54.0 0.0 97.0 60.0 8.0 0.0 35.0 46.0 18.0 0.0 82.0 0.0 59.0 44.0 89.0 85.0 6.0 1.0 0.0 74.0 28.0 3263.0 6.0
93 0.0 82.0 48.0 2.0 56.0 0.0 52.0 67.0 0.0 15.0 29.0 0.0 94.0 43.0 53.0 68.0 24.0 6.0 0.0 18.0 0.0 79.0 0.0 98.0 50.0 27.0 24.0 16.0 96.0 0.0 60.0 20.0 0.0 64.0 19.0 16.0 1.0 28.0 17.0 72.0 79.0 0.0 82.0 53.0 9.0 28.0 70.0 55.0 20.0 0.0 0.0 36.0 0.0 66.0 0.0 64.0 41.0 86.0 84.0 87.0 4.0 83.0 19.0 79.0 98.0 16.0 2.0 10.0 17.0 58.0 34.0 77.0 0.0 87.0 10.0 58.0 26.0 47.0 16.0 28.0 4.0 0.0 59.0 20.0 32.0 0.0 30.0 86.0 0.0 67.0 7.0 87.0 55.0 64.0 57.0 83.0 49.0 97.0 63.0 98.0 3982.0 14.0
91 0.0 48.0 24.0 56.0 0.0 0.0 0.0 0.0 31.0 92.0 44.0 0.0 43.0 42.0 0.0 2.0 0.0 57.0 59.0 32.0 91.0 31.0 88.0 44.0 0.0 61.0 72.0 66.0 56.0 53.0 58.0 26.0 13.0 8.0 90.0 100.0 0.0 22.0 0.0 39.0 47.0 91.0 21.0 33.0 6.0 87.0 0.0 88.0 38.0 14.0 0.0 49.0 79.0 0.0 12.0 58.0 3.0 65.0 0.0 75.0 99.0 78.0 51.0 0.0 84.0 63.0 69.0 32.0 64.0 41.0 0.0 72.0 9.0 94.0 0.0 89.0 26.0 0.0 7.0 43.0 0.0 66.0 49.0 0.0 71.0 24.0 0.0 44.0 25.0 84.0 74.0 0.0 0.0 85.0 54.0 9.0 91.0 19.0 76.0 2.0 4242.0 21.0
88 0.0 2.0 56.0 89.0 25.0 0.0 83.0 30.0 9.0 57.0 78.0 0.0 19.0 83.0 72.0 63.0 10.0 74.0 0.0 25.0 0.0 0.0 52.0 38.0 0.0 0.0 31.0 5.0 0.0 100.0 50.0 4.0 0.0 0.0 31.0 0.0 14.0 0.0 0.0 68.0 28.0 83.0 59.0 53.0 28.0 0.0 0.0 0.0 70.0 86.0 93.0 96.0 7.0 97.0 0.0 31.0 0.0 56.0 48.0 0.0 96.0 38.0 40.0 23.0 36.0 0.0 84.0 30.0 86.0 56.0 58.0 15.0 45.0 81.0 47.0 0.0 0.0 0.0 76.0 14.0 76.0 0.0 62.0 0.0 0.0 63.0 10.0 7.0 21.0 0.0 15.0 14.0 35.0 6.0 9.0 84.0 5.0 0.0 39.0 51.0 4207.0 36.0
81 79.0 56.0 0.0 25.0 25.0 0.0 30.0 19.0 65.0 48.0 29.0 18.0 56.0 76.0 0.0 0.0 93.0 12.0 87.0 28.0 50.0 0.0 12.0 40.0 22.0 0.0 75.0 14.0 7.0 45.0 68.0 69.0 0.0 0.0 31.0 16.0 0.0 83.0 0.0 46.0 90.0 74.0 6.0 20.0 51.0 41.0 58.0 94.0 57.0 11.0 19.0 53.0 0.0 15.0 45.0 30.0 55.0 17.0 49.0 0.0 0.0 63.0 57.0 88.0 7.0 59.0 39.0 0.0 82.0 98.0 73.0 0.0 95.0 81.0 86.0 8.0 52.0 98.0 8.0 80.0 58.0 47.0 63.0 52.0 93.0 12.0 87.0 42.0 68.0 75.0 41.0 40.0 24.0 80.0 48.0 0.0 96.0 94.0 20.0 0.0 4103.0 19.0
79 16.0 0.0 0.0 0.0 0.0 63.0 63.0 40.0 3.0 45.0 0.0 27.0 17.0 84.0 0.0 0.0 55.0 0.0 96.0 1.0 0.0 49.0 96.0 84.0 27.0 29.0 100.0 47.0 2.0 92.0 98.0 0.0 4.0 18.0 13.0 40.0 19.0 0.0 42.0 0.0 0.0 18.0 10.0 0.0 70.0 85.0 0.0 87.0 0.0 76.0 21.0 64.0 75.0 11.0 0.0 0.0 0.0 36.0 48.0 60.0 0.0 9.0 45.0 0.0 5.0 3.0 31.0 10.0 23.0 0.0 84.0 33.0 0.0 31.0 30.0 74.0 43.0 0.0 93.0 12.0 77.0 7.0 0.0 0.0 91.0 97.0 0.0 14.0 39.0 50.0 37.0 16.0 75.0 0.0 49.0 36.0 92.0 0.0 8.0 0.0 3975.0 50.0
98 43.0 52.0 0.0 83.0 30.0 63.0 72.0 61.0 40.0 25.0 0.0 7.0 66.0 35.0 7.0 97.0 96.0 69.0 0.0 49.0 14.0 0.0 20.0 21.0 34.0 18.0 0.0 71.0 13.0 48.0 21.0 0.0 59.0 19.0 12.0 68.0 28.0 36.0 86.0 36.0 92.0 76.0 13.0 0.0 0.0 0.0 17.0 22.0 64.0 44.0 51.0 80.0 40.0 85.0 32.0 17.0 0.0 85.0 0.0 27.0 93.0 52.0 9.0 39.0 0.0 0.0 70.0 48.0 59.0 0.0 0.0 0.0 32.0 0.0 0.0 48.0 55.0 72.0 0.0 34.0 36.0 50.0 0.0 0.0 94.0 0.0 0.0 76.0 0.0 76.0 0.0 4.0 68.0 23.0 0.0 14.0 58.0 0.0 100.0 0.0 3246.0 6.0
95 75.0 67.0 0.0 30.0 19.0 40.0 61.0 23.0 27.0 0.0 37.0 40.0 4.0 79.0 19.0 40.0 23.0 98.0 8.0 0.0 0.0 2.0 7.0 80.0 0.0 4.0 0.0 0.0 27.0 4.0 86.0 23.0 43.0 0.0 0.0 54.0 0.0 0.0 92.0 100.0 0.0 18.0 17.0 74.0 65.0 0.0 73.0 0.0 53.0 94.0 0.0 85.0 18.0 53.0 0.0 99.0 2.0 39.0 3.0 0.0 0.0 0.0 0.0 93.0 18.0 53.0 24.0 0.0 80.0 15.0 0.0 11.0 78.0 15.0 67.0 82.0 61.0 50.0 24.0 51.0 32.0 71.0 0.0 70.0 93.0 40.0 74.0 79.0 0.0 25.0 69.0 33.0 2.0 94.0 10.0 98.0 0.0 70.0 0.0 83.0 3692.0 17.0
89 65.0 0.0 31.0 9.0 65.0 3.0 40.0 27.0 35.0 2.0 35.0 65.0 1.0 57.0 9.0 82.0 90.0 65.0 18.0 52.0 76.0 0.0 16.0 0.0 44.0 40.0 37.0 19.0 54.0 0.0 0.0 0.0 0.0 33.0 79.0 0.0 0.0 0.0 60.0 0.0 98.0 29.0 0.0 61.0 11.0 33.0 87.0 79.0 0.0 39.0 40.0 44.0 6.0 0.0 0.0 0.0 42.0 16.0 42.0 97.0 8.0 87.0 24.0 83.0 29.0 32.0 75.0 67.0 0.0 64.0 88.0 25.0 42.0 0.0 98.0 78.0 0.0 62.0 56.0 0.0 93.0 0.0 79.0 50.0 87.0 0.0 92.0 0.0 0.0 39.0 0.0 40.0 64.0 77.0 27.0 48.0 74.0 66.0 100.0 0.0 3896.0 22.0
84 36.0 15.0 92.0 57.0 48.0 45.0 25.0 0.0 2.0 0.0 59.0 52.0 40.0 60.0 4.0 92.0 13.0 83.0 54.0 95.0 18.0 0.0 0.0 0.0 0.0 0.0 0.0 0.0 96.0 96.0 0.0 95.0 32.0 82.0 31.0 0.0 0.0 3.0 0.0 0.0 0.0 44.0 0.0 0.0 0.0 0.0 39.0 24.0 21.0 84.0 48.0 2.0 70.0 0.0 11.0 100.0 52.0 83.0 0.0 0.0 88.0 0.0 25.0 58.0 0.0 41.0 57.0 0.0 0.0 10.0 59.0 92.0 0.0 6.0 27.0 70.0 49.0 69.0 29.0 28.0 0.0 0.0 69.0 6.0 14.0 10.0 64.0 0.0 0.0 62.0 16.0 34.0 36.0 45.0 27.0 50.0 74.0 61.0 0.0 88.0 3603.0 12.0
80 26.0 29.0 44.0 78.0 29.0 0.0 0.0 37.0 35.0 59.0 4.0 27.0 1.0 8.0 0.0 0.0 0.0 96.0 34.0 91.0 10.0 19.0 74.0 10.0 100.0 59.0 39.0 0.0 16.0 5.0 23.0 19.0 32.0 51.0 0.0 0.0 6.0 20.0 0.0 8.0 75.0 11.0 0.0 48.0 0.0 61.0 0.0 42.0 43.0 13.0 46.0 3.0 98.0 68.0 0.0 93.0 31.0 59.0 93.0 79.0 66.0 87.0 40.0 47.0 0.0 51.0 79.0 48.0 40.0 95.0 5.0 2.0 71.0 97.0 76.0 39.0 0.0 0.0 63.0 55.0 3.0 24.0 23.0 94.0 0.0 97.0 92.0 28.0 22.0 0.0 58.0 52.0 0.0 62.0 73.0 32.0 59.0 0.0 29.0 30.0 3573.0 29.0
76 25.0 0.0 0.0 0.0 18.0 27.0 7.0 40.0 65.0 52.0 27.0 51.0 0.0 90.0 75.0 69.0 67.0 0.0 7.0 0.0 51.0 75.0 2.0 28.0 7.0 51.0 33.0 45.0 0.0 84.0 47.0 15.0 0.0 47.0 32.0 54.0 0.0 0.0 8.0 36.0 43.0 20.0 35.0 80.0 0.0 26.0 74.0 53.0 71.0 34.0 0.0 39.0 83.0 16.0 77.0 1.0 49.0 51.0 0.0 50.0 20.0 17.0 50.0 0.0 40.0 0.0 0.0 0.0 67.0 53.0 19.0 92.0 90.0 0.0 70.0 0.0 83.0 82.0 0.0 0.0 46.0 50.0 73.0 17.0 66.0 20.0 89.0 87.0 37.0 20.0 63.0 59.0 20.0 0.0 0.0 2.0 24.0 21.0 0.0 94.0 3824.0 28.0
99 58.0 94.0 43.0 19.0 56.0 17.0 66.0 4.0 1.0 40.0 1.0 0.0 61.0 94.0 98.0 0.0 79.0 0.0 76.0 76.0 91.0 0.0 24.0 98.0 24.0 2.0 58.0 6.0 59.0 65.0 0.0 37.0 26.0 59.0 26.0 54.0 55.0 0.0 62.0 73.0 0.0 0.0 22.0 0.0 16.0 48.0 54.0 50.0 45.0 10.0 54.0 75.0 98.0 0.0 50.0 81.0 41.0 0.0 32.0 60.0 59.0 100.0 0.0 85.0 83.0 41.0 0.0 17.0 16.0 36.0 0.0 43.0 11.0 49.0 94.0 88.0 16.0 0.0 91.0 26.0 65.0 38.0 0.0 13.0 48.0 0.0 94.0 43.0 50.0 51.0 63.0 5.0 5.0 35.0 62.0 38.0 14.0 0.0 0.0 36.0 3927.0 18.0
96 21.0 43.0 42.0 83.0 76.0 84.0 35.0 79.0 57.0 60.0 8.0 90.0 94.0 0.0 74.0 35.0 24.0 86.0 22.0 32.0 76.0 81.0 3.0 0.0 86.0 45.0 51.0 99.0 84.0 0.0 40.0 19.0 38.0 0.0 15.0 0.0 66.0 5.0 14.0 2.0 88.0 67.0 49.0 55.0 7.0 54.0 85.0 92.0 66.0 83.0 72.0 2.0 0.0 98.0 0.0 43.0 92.0 58.0 88.0 43.0 42.0 92.0 69.0 98.0 0.0 51.0 19.0 63.0 40.0 66.0 29.0 8.0 90.0 22.0 15.0 0.0 0.0 4.0 0.0 0.0 91.0 7.0 80.0 0.0 54.0 9.0 0.0 0.0 61.0 7.0 0.0 81.0 0.0 86.0 22.0 56.0 0.0 0.0 0.0 96.0 3767.0 24.0
92 0.0 53.0 0.0 72.0 0.0 0.0 7.0 19.0 9.0 4.0 0.0 75.0 98.0 74.0 95.0 60.0 33.0 60.0 58.0 35.0 57.0 56.0 36.0 62.0 45.0 0.0 0.0 56.0 4.0 62.0 15.0 0.0 11.0 79.0 70.0 53.0 88.0 0.0 22.0 52.0 92.0 79.0 53.0 58.0 85.0 19.0 93.0 0.0 18.0 50.0 81.0 84.0 74.0 63.0 22.0 28.0 16.0 99.0 45.0 92.0 0.0 0.0 27.0 49.0 62.0 29.0 78.0 66.0 70.0 23.0 68.0 76.0 78.0 50.0 47.0 0.0 94.0 38.0 0.0 88.0 7.0 99.0 8.0 9.0 0.0 91.0 99.0 0.0 33.0 57.0 77.0 97.0 25.0 33.0 52.0 0.0 90.0 28.0 0.0 0.0 4141.0 48.0
97 10.0 68.0 2.0 63.0 0.0 0.0 97.0 40.0 82.0 92.0 0.0 69.0 0.0 35.0 60.0 0.0 77.0 0.0 40.0 0.0 37.0 0.0 4.0 73.0 0.0 0.0 25.0 0.0 60.0 73.0 61.0 76.0 63.0 33.0 58.0 96.0 99.0 78.0 98.0 99.0 99.0 9.0 0.0 48.0 52.0 82.0 99.0 0.0 99.0 48.0 100.0 8.0 14.0 0.0 86.0 62.0 59.0 92.0 54.0 84.0 39.0 0.0 81.0 0.0 78.0 38.0 99.0 75.0 35.0 6.0 10.0 45.0 0.0 3.0 0.0 60.0 75.0 95.0 9.0 23.0 41.0 35.0 63.0 71.0 87.0 77.0 34.0 0.0 65.0 0.0 0.0 82.0 83.0 77.0 1.0 62.0 0.0 12.0 70.0 1.0 3259.0 9.0
90 81.0 24.0 0.0 10.0 93.0 55.0 96.0 23.0 90.0 13.0 0.0 67.0 79.0 24.0 33.0 77.0 93.0 0.0 19.0 67.0 17.0 0.0 0.0 0.0 12.0 0.0 41.0 0.0 70.0 61.0 7.0 70.0 0.0 11.0 47.0 97.0 84.0 44.0 23.0 61.0 0.0 79.0 0.0 98.0 77.0 75.0 5.0 96.0 10.0 0.0 0.0 0.0 18.0 48.0 0.0 55.0 0.0 98.0 25.0 51.0 50.0 0.0 34.0 0.0 25.0 62.0 11.0 35.0 76.0 67.0 97.0 45.0 23.0 0.0 98.0 0.0 70.0 11.0 52.0 78.0 4.0 0.0 0.0 0.0 43.0 0.0 55.0 19.0 0.0 39.0 0.0 0.0 45.0 0.0 90.0 93.0 52.0 0.0 0.0 17.0 4015.0 26.0
87 62.0 6.0 57.0 74.0 12.0 0.0 69.0 98.0 65.0 83.0 96.0 0.0 0.0 86.0 60.0 0.0 0.0 0.0 26.0 50.0 23.0 78.0 55.0 0.0 0.0 82.0 63.0 78.0 0.0 74.0 30.0 98.0 84.0 47.0 71.0 52.0 72.0 42.0 0.0 0.0 64.0 94.0 88.0 56.0 35.0 26.0 89.0 0.0 0.0 60.0 88.0 26.0 0.0 94.0 44.0 84.0 76.0 0.0 73.0 10.0 0.0 64.0 72.0 0.0 0.0 61.0 0.0 77.0 32.0 84.0 0.0 0.0 34.0 90.0 41.0 79.0 67.0 64.0 72.0 45.0 0.0 24.0 0.0 27.0 31.0 0.0 78.0 0.0 41.0 73.0 21.0 0.0 0.0 0.0 0.0 8.0 65.0 93.0 88.0 28.0 3109.0 12.0
83 92.0 0.0 59.0 0.0 87.0 96.0 0.0 8.0 18.0 54.0 34.0 7.0 76.0 22.0 58.0 40.0 19.0 26.0 37.0 6.0 94.0 0.0 75.0 90.0 0.0 0.0 17.0 42.0 69.0 8.0 46.0 0.0 19.0 48.0 11.0 52.0 0.0 33.0 51.0 92.0 85.0 0.0 39.0 61.0 92.0 0.0 57.0 31.0 78.0 28.0 21.0 0.0 68.0 30.0 91.0 6.0 7.0 28.0 70.0 23.0 0.0 29.0 1.0 17.0 79.0 55.0 12.0 20.0 0.0 57.0 0.0 6.0 87.0 0.0 0.0 69.0 0.0 80.0 0.0 65.0 73.0 0.0 0.0 37.0 0.0 0.0 37.0 83.0 0.0 31.0 68.0 8.0 29.0 35.0 0.0 78.0 12.0 99.0 0.0 62.0 3926.0 11.0
78 20.0 18.0 32.0 25.0 28.0 1.0 49.0 0.0 52.0 95.0 91.0 0.0 76.0 32.0 35.0 0.0 67.0 50.0 6.0 13.0 19.0 89.0 0.0 18.0 92.0 84.0 92.0 49.0 63.0 20.0 0.0 22.0 93.0 9.0 90.0 0.0 0.0 28.0 22.0 47.0 18.0 0.0 0.0 14.0 0.0 17.0 20.0 31.0 81.0 15.0 50.0 0.0 0.0 80.0 59.0 5.0 79.0 10.0 17.0 81.0 61.0 14.0 97.0 44.0 0.0 0.0 26.0 69.0 90.0 60.0 0.0 37.0 3.0 89.0 0.0 9.0 0.0 75.0 74.0 0.0 87.0 84.0 0.0 62.0 16.0 94.0 15.0 0.0 39.0 55.0 0.0 4.0 5.0 63.0 96.0 83.0 42.0 40.0 0.0 0.0 3483.0 3.0
86 0.0 0.0 91.0 0.0 50.0 0.0 14.0 0.0 76.0 18.0 10.0 51.0 91.0 76.0 57.0 37.0 17.0 23.0 94.0 19.0 0.0 59.0 6.0 45.0 64.0 69.0 37.0 52.0 80.0 0.0 6.0 77.0 90.0 84.0 99.0 39.0 25.0 85.0 74.0 27.0 45.0 7.0 36.0 0.0 68.0 42.0 82.0 54.0 75.0 63.0 26.0 0.0 2.0 4.0 38.0 0.0 0.0 0.0 42.0 22.0 98.0 0.0 79.0 23.0 0.0 92.0 26.0 93.0 29.0 14.0 24.0 42.0 91.0 13.0 54.0 3.0 10.0 34.0 13.0 45.0 0.0 81.0 99.0 0.0 32.0 46.0 93.0 11.0 92.0 48.0 3.0 0.0 67.0 13.0 48.0 64.0 46.0 81.0 83.0 94.0 4088.0 44.0
75 0.0 79.0 31.0 0.0 0.0 49.0 0.0 2.0 0.0 0.0 19.0 75.0 0.0 81.0 56.0 0.0 0.0 78.0 0.0 89.0 59.0 0.0 5.0 71.0 11.0 2.0 0.0 0.0 16.0 37.0 96.0 20.0 62.0 6.0 59.0 79.0 0.0 0.0 73.0 19.0 61.0 40.0 9.0 84.0 53.0 92.0 58.0 33.0 50.0 60.0 71.0 59.0 63.0 0.0 41.0 36.0 0.0 0.0 53.0 44.0 32.0 73.0 29.0 0.0 54.0 0.0 0.0 50.0 100.0 73.0 61.0 98.0 2.0 60.0 7.0 0.0 46.0 83.0 67.0 0.0 96.0 82.0 95.0 18.0 34.0 47.0 45.0 0.0 55.0 37.0 0.0 0.0 45.0 38.0 33.0 44.0 27.0 1.0 67.0 9.0 3823.0 24.0
67 13.0 0.0 88.0 52.0 12.0 96.0 20.0 7.0 16.0 0.0 74.0 2.0 24.0 3.0 36.0 4.0 0.0 55.0 75.0 0.0 6.0 5.0 0.0 0.0 14.0 14.0 54.0 65.0 0.0 95.0 20.0 68.0 0.0 1.0 12.0 0.0 52.0 0.0 98.0 50.0 0.0 22.0 66.0 33.0 0.0 0.0 0.0 48.0 88.0 23.0 0.0 0.0 36.0 50.0 0.0 0.0 0.0 73.0 0.0 5.0 74.0 0.0 13.0 88.0 19.0 69.0 74.0 75.0 33.0 89.0 88.0 0.0 22.0 0.0 56.0 20.0 16.0 0.0 87.0 77.0 41.0 78.0 33.0 62.0 6.0 0.0 34.0 29.0 42.0 22.0 0.0 38.0 88.0 23.0 63.0 31.0 67.0 0.0 8.0 24.0 3802.0 27.0
65 10.0 98.0 44.0 38.0 40.0 84.0 21.0 80.0 0.0 0.0 10.0 28.0 98.0 0.0 62.0 73.0 0.0 0.0 90.0 18.0 45.0 71.0 0.0 55.0 63.0 0.0 28.0 0.0 4.0 50.0 2.0 14.0 35.0 0.0 9.0 41.0 0.0 6.0 38.0 0.0 29.0 2.0 90.0 17.0 2.0 13.0 12.0 95.0 0.0 26.0 0.0 61.0 0.0 0.0 55.0 30.0 13.0 21.0 81.0 91.0 11.0 57.0 0.0 60.0 73.0 0.0 11.0 16.0 0.0 19.0 25.0 0.0 0.0 20.0 89.0 0.0 0.0 71.0 71.0 0.0 0.0 0.0 53.0 83.0 22.0 0.0 75.0 81.0 19.0 51.0 81.0 91.0 94.0 22.0 50.0 25.0 0.0 0.0 14.0 0.0 3680.0 36.0
73 81.0 50.0 0.0 0.0 22.0 27.0 34.0 0.0 44.0 0.0 100.0 7.0 24.0 86.0 45.0 0.0 12.0 0.0 0.0 92.0 64.0 11.0 14.0 63.0 19.0 1.0 38.0 3.0 18.0 13.0 0.0 0.0 26.0 91.0 85.0 77.0 0.0 93.0 2.0 11.0 46.0 19.0 17.0 0.0 86.0 0.0 60.0 0.0 99.0 0.0 71.0 16.0 0.0 29.0 0.0 46.0 66.0 60.0 49.0 49.0 51.0 70.0 23.0 0.0 15.0 43.0 21.0 51.0 17.0 4.0 90.0 65.0 71.0 55.0 59.0 99.0 0.0 0.0 2.0 74.0 73.0 0.0 37.0 0.0 21.0 13.0 13.0 76.0 46.0 83.0 75.0 0.0 39.0 0.0 87.0 57.0 14.0 98.0 69.0 39.0 4156.0 4.0
64 87.0 27.0 61.0 0.0 0.0 29.0 18.0 4.0 40.0 0.0 59.0 51.0 2.0 45.0 0.0 0.0 0.0 82.0 0.0 84.0 69.0 2.0 14.0 0.0 1.0 47.0 71.0 92.0 19.0 11.0 69.0 22.0 0.0 27.0 57.0 45.0 51.0 1.0 43.0 51.0 18.0 47.0 11.0 93.0 69.0 88.0 96.0 63.0 0.0 16.0 29.0 0.0 0.0 0.0 23.0 96.0 26.0 24.0 0.0 20.0 0.0 79.0 70.0 38.0 75.0 29.0 13.0 1.0 0.0 42.0 84.0 17.0 42.0 85.0 0.0 26.0 0.0 22.0 65.0 0.0 94.0 0.0 11.0 70.0 27.0 0.0 60.0 36.0 40.0 0.0 82.0 90.0 42.0 69.0 92.0 94.0 73.0 76.0 0.0 0.0 3988.0 4.0
74 4.0 24.0 72.0 31.0 75.0 100.0 0.0 0.0 37.0 0.0 39.0 33.0 58.0 51.0 0.0 25.0 41.0 63.0 17.0 92.0 37.0 0.0 54.0 28.0 38.0 71.0 0.0 0.0 49.0 0.0 24.0 87.0 95.0 0.0 3.0 0.0 35.0 58.0 29.0 18.0 27.0 69.0 0.0 21.0 91.0 62.0 95.0 40.0 72.0 50.0 17.0 22.0 0.0 90.0 20.0 0.0 74.0 40.0 0.0 25.0 42.0 96.0 26.0 51.0 29.0 18.0 61.0 70.0 22.0 26.0 16.0 93.0 29.0 37.0 0.0 56.0 0.0 0.0 76.0 2.0 0.0 35.0 57.0 59.0 90.0 0.0 79.0 26.0 80.0 0.0 4.0 9.0 68.0 0.0 45.0 0.0 38.0 70.0 84.0 0.0 4277.0 43.0
63 39.0 16.0 66.0 5.0 14.0 47.0 71.0 0.0 19.0 0.0 0.0 45.0 6.0 99.0 56.0 0.0 0.0 78.0 42.0 49.0 52.0 0.0 65.0 0.0 3.0 92.0 0.0 0.0 0.0 78.0 97.0 20.0 34.0 26.0 52.0 98.0 3.0 22.0 45.0 8.0 33.0 73.0 52.0 92.0 51.0 47.0 22.0 17.0 35.0 17.0 0.0 52.0 0.0 75.0 0.0 3.0 0.0 33.0 46.0 98.0 21.0 11.0 1.0 30.0 10.0 0.0 84.0 0.0 82.0 19.0 0.0 51.0 76.0 0.0 85.0 6.0 34.0 0.0 50.0 51.0 67.0 84.0 48.0 32.0 79.0 64.0 24.0 86.0 0.0 19.0 52.0 84.0 81.0 0.0 0.0 12.0 3.0 48.0 0.0 81.0 3788.0 8.0
61 0.0 96.0 56.0 0.0 7.0 2.0 13.0 27.0 54.0 96.0 16.0 0.0 59.0 84.0 4.0 60.0 70.0 0.0 69.0 63.0 80.0 16.0 0.0 4.0 18.0 19.0 49.0 0.0 57.0 8.0 83.0 42.0 26.0 4.0 41.0 0.0 36.0 0.0 37.0 15.0 94.0 78.0 56.0 26.0 13.0 0.0 42.0 91.0 45.0 76.0 57.0 98.0 68.0 19.0 0.0 0.0 49.0 9.0 10.0 0.0 5.0 50.0 0.0 0.0 36.0 0.0 0.0 78.0 36.0 57.0 0.0 78.0 10.0 89.0 8.0 87.0 95.0 97.0 70.0 16.0 58.0 73.0 0.0 76.0 69.0 0.0 2.0 78.0 67.0 53.0 66.0 20.0 0.0 41.0 29.0 90.0 13.0 0.0 0.0 69.0 3933.0 15.0
43 2.0 0.0 53.0 100.0 45.0 92.0 48.0 4.0 0.0 96.0 5.0 84.0 65.0 0.0 62.0 73.0 61.0 74.0 8.0 20.0 0.0 37.0 95.0 50.0 13.0 11.0 0.0 78.0 8.0 23.0 3.0 25.0 2.0 0.0 9.0 94.0 91.0 47.0 22.0 38.0 86.0 96.0 66.0 0.0 0.0 0.0 0.0 53.0 54.0 26.0 67.0 49.0 13.0 29.0 10.0 1.0 96.0 89.0 35.0 58.0 0.0 0.0 22.0 9.0 63.0 52.0 31.0 45.0 24.0 0.0 58.0 0.0 0.0 4.0 0.0 63.0 75.0 46.0 0.0 0.0 0.0 42.0 53.0 33.0 99.0 39.0 14.0 0.0 44.0 9.0 93.0 7.0 0.0 17.0 0.0 5.0 96.0 0.0 14.0 44.0 3798.0 33.0
23 23.0 60.0 58.0 50.0 68.0 98.0 21.0 86.0 0.0 0.0 23.0 47.0 0.0 40.0 15.0 61.0 7.0 30.0 46.0 0.0 6.0 96.0 20.0 2.0 0.0 69.0 24.0 97.0 83.0 3.0 69.0 0.0 0.0 12.0 85.0 6.0 8.0 29.0 18.0 47.0 49.0 0.0 0.0 89.0 72.0 13.0 0.0 22.0 32.0 48.0 68.0 23.0 21.0 46.0 0.0 5.0 12.0 83.0 80.0 0.0 0.0 25.0 20.0 50.0 32.0 0.0 100.0 0.0 49.0 58.0 23.0 17.0 0.0 41.0 0.0 0.0 89.0 0.0 91.0 25.0 64.0 91.0 64.0 0.0 0.0 40.0 2.0 34.0 0.0 97.0 58.0 20.0 86.0 44.0 20.0 99.0 97.0 83.0 2.0 89.0 3944.0 25.0
22 43.0 20.0 26.0 4.0 69.0 0.0 0.0 23.0 0.0 95.0 19.0 15.0 37.0 19.0 0.0 76.0 70.0 98.0 0.0 22.0 77.0 20.0 68.0 14.0 0.0 22.0 87.0 20.0 42.0 25.0 0.0 81.0 0.0 82.0 38.0 47.0 89.0 57.0 37.0 0.0 0.0 54.0 24.0 88.0 5.0 45.0 20.0 7.0 19.0 40.0 13.0 36.0 67.0 86.0 0.0 81.0 9.0 21.0 52.0 15.0 88.0 32.0 37.0 67.0 18.0 0.0 0.0 65.0 0.0 13.0 86.0 0.0 0.0 59.0 2.0 42.0 0.0 10.0 61.0 34.0 67.0 0.0 98.0 96.0 81.0 31.0 80.0 88.0 92.0 47.0 62.0 65.0 69.0 86.0 0.0 35.0 0.0 27.0 0.0 40.0 3656.0 5.0
21 46.0 0.0 13.0 0.0 0.0 4.0 59.0 43.0 0.0 32.0 32.0 0.0 26.0 38.0 11.0 63.0 0.0 84.0 19.0 93.0 90.0 62.0 0.0 35.0 26.0 0.0 95.0 34.0 26.0 2.0 0.0 0.0 0.0 36.0 10.0 43.0 0.0 51.0 50.0 53.0 96.0 78.0 0.0 13.0 2.0 24.0 67.0 41.0 78.0 5.0 73.0 43.0 25.0 68.0 0.0 6.0 92.0 7.0 0.0 38.0 54.0 94.0 56.0 85.0 100.0 68.0 85.0 31.0 0.0 62.0 0.0 43.0 86.0 62.0 76.0 55.0 84.0 3.0 50.0 0.0 41.0 93.0 4.0 5.0 32.0 21.0 0.0 0.0 92.0 94.0 0.0 16.0 85.0 0.0 93.0 71.0 19.0 98.0 33.0 0.0 4107.0 12.0
15 44.0 64.0 8.0 0.0 0.0 18.0 19.0 0.0 33.0 82.0 51.0 47.0 59.0 0.0 79.0 33.0 11.0 47.0 48.0 9.0 84.0 6.0 1.0 0.0 91.0 27.0 0.0 26.0 4.0 0.0 12.0 82.0 36.0 91.0 0.0 64.0 56.0 0.0 84.0 85.0 98.0 56.0 82.0 0.0 0.0 0.0 74.0 7.0 8.0 21.0 76.0 0.0 0.0 85.0 4.0 5.0 46.0 56.0 83.0 52.0 15.0 0.0 68.0 38.0 5.0 42.0 90.0 0.0 81.0 53.0 26.0 99.0 70.0 0.0 76.0 33.0 0.0 0.0 26.0 92.0 0.0 38.0 2.0 13.0 4.0 16.0 39.0 0.0 3.0 85.0 0.0 46.0 6.0 8.0 0.0 0.0 0.0 31.0 0.0 0.0 3909.0 41.0
14 7.0 19.0 90.0 31.0 31.0 13.0 12.0 0.0 79.0 31.0 0.0 32.0 26.0 15.0 70.0 58.0 47.0 71.0 11.0 90.0 99.0 59.0 12.0 9.0 85.0 57.0 3.0 52.0 41.0 9.0 85.0 38.0 10.0 0.0 94.0 95.0 45.0 0.0 23.0 4.0 0.0 36.0 43.0 85.0 84.0 41.0 30.0 29.0 33.0 0.0 37.0 63.0 15.0 98.0 0.0 26.0 41.0 0.0 17.0 45.0 0.0 28.0 13.0 0.0 0.0 70.0 26.0 41.0 0.0 70.0 55.0 64.0 67.0 0.0 0.0 96.0 74.0 24.0 80.0 49.0 86.0 33.0 0.0 79.0 0.0 92.0 94.0 62.0 0.0 77.0 5.0 22.0 51.0 99.0 51.0 95.0 65.0 65.0 76.0 56.0 3650.0 22.0
20 90.0 16.0 100.0 0.0 16.0 40.0 68.0 54.0 0.0 0.0 0.0 54.0 54.0 0.0 53.0 96.0 97.0 52.0 52.0 0.0 39.0 79.0 0.0 41.0 77.0 45.0 0.0 98.0 0.0 94.0 6.0 47.0 43.0 64.0 95.0 75.0 23.0 0.0 93.0 51.0 24.0 1.0 97.0 0.0 0.0 87.0 54.0 31.0 25.0 57.0 0.0 13.0 39.0 0.0 48.0 11.0 77.0 80.0 0.0 71.0 89.0 0.0 79.0 89.0 88.0 0.0 42.0 0.0 15.0 10.0 39.0 0.0 20.0 81.0 39.0 51.0 98.0 14.0 4.0 4.0 34.0 13.0 81.0 98.0 31.0 0.0 100.0 45.0 12.0 37.0 10.0 6.0 34.0 94.0 80.0 0.0 36.0 0.0 43.0 45.0 3871.0 45.0
10 36.0 1.0 0.0 14.0 0.0 19.0 28.0 0.0 0.0 0.0 6.0 0.0 55.0 66.0 88.0 99.0 84.0 72.0 0.0 0.0 25.0 0.0 52.0 0.0 0.0 51.0 35.0 3.0 36.0 91.0 8.0 89.0 0.0 56.0 45.0 23.0 43.0 64.0 0.0 33.0 5.0 52.0 23.0 0.0 49.0 80.0 0.0 0.0 30.0 44.0 85.0 62.0 9.0 19.0 22.0 11.0 8.0 4.0 0.0 0.0 0.0 17.0 48.0 71.0 34.0 96.0 36.0 98.0 21.0 30.0 15.0 40.0 2.0 0.0 82.0 90.0 94.0 57.0 49.0 1.0 76.0 34.0 35.0 48.0 83.0 18.0 61.0 27.0 29.0 53.0 77.0 97.0 88.0 0.0 18.0 12.0 79.0 99.0 13.0 20.0 4280.0 10.0
17 18.0 28.0 22.0 0.0 83.0 0.0 36.0 0.0 0.0 3.0 20.0 0.0 0.0 5.0 0.0 78.0 44.0 42.0 33.0 28.0 85.0 0.0 0.0 6.0 93.0 1.0 58.0 22.0 0.0 47.0 29.0 57.0 51.0 0.0 0.0 0.0 64.0 0.0 45.0 0.0 96.0 47.0 93.0 12.0 0.0 43.0 61.0 1.0 58.0 0.0 81.0 0.0 33.0 28.0 0.0 0.0 36.0 60.0 10.0 0.0 80.0 0.0 6.0 18.0 16.0 98.0 36.0 2.0 91.0 14.0 0.0 0.0 35.0 88.0 41.0 0.0 6.0 84.0 0.0 0.0 89.0 9.0 31.0 78.0 0.0 37.0 27.0 0.0 0.0 0.0 37.0 72.0 69.0 51.0 10.0 69.0 96.0 0.0 83.0 79.0 3913.0 38.0
24 67.0 17.0 0.0 0.0 0.0 42.0 86.0 92.0 60.0 0.0 0.0 8.0 62.0 14.0 22.0 98.0 23.0 0.0 51.0 22.0 74.0 73.0 98.0 38.0 2.0 43.0 29.0 45.0 37.0 22.0 18.0 37.0 50.0 84.0 23.0 93.0 0.0 45.0 62.0 0.0 0.0 89.0 2.0 0.0 11.0 40.0 0.0 33.0 11.0 17.0 80.0 63.0 93.0 85.0 21.0 76.0 43.0 0.0 15.0 73.0 21.0 74.0 0.0 4.0 18.0 98.0 74.0 85.0 57.0 11.0 81.0 51.0 79.0 65.0 98.0 98.0 0.0 97.0 56.0 0.0 82.0 17.0 88.0 8.0 71.0 61.0 0.0 69.0 24.0 16.0 32.0 0.0 84.0 37.0 83.0 11.0 36.0 19.0 40.0 22.0 3420.0 37.0
11 0.0 72.0 39.0 68.0 46.0 0.0 36.0 100.0 0.0 0.0 8.0 36.0 73.0 2.0 52.0 99.0 61.0 0.0 92.0 47.0 27.0 19.0 50.0 0.0 11.0 51.0 18.0 8.0 15.0 38.0 47.0 0.0 53.0 85.0 4.0 51.0 33.0 0.0 0.0 69.0 0.0 18.0 23.0 15.0 0.0 16.0 95.0 5.0 42.0 0.0 96.0 99.0 41.0 70.0 57.0 84.0 0.0 0.0 36.0 28.0 71.0 78.0 58.0 70.0 0.0 0.0 49.0 65.0 0.0 92.0 98.0 71.0 0.0 0.0 47.0 0.0 74.0 34.0 50.0 0.0 89.0 48.0 65.0 50.0 72.0 0.0 26.0 29.0 69.0 4.0 80.0 46.0 42.0 0.0 0.0 0.0 93.0 35.0 42.0 42.0 4125.0 49.0
16 0.0 79.0 47.0 28.0 90.0 0.0 92.0 0.0 98.0 0.0 75.0 43.0 0.0 88.0 92.0 99.0 0.0 64.0 85.0 18.0 45.0 61.0 0.0 29.0 46.0 18.0 27.0 33.0 94.0 86.0 49.0 0.0 96.0 98.0 0.0 24.0 5.0 96.0 0.0 0.0 48.0 87.0 0.0 38.0 73.0 49.0 28.0 95.0 0.0 33.0 61.0 50.0 0.0 39.0 87.0 43.0 33.0 37.0 62.0 11.0 25.0 0.0 0.0 51.0 45.0 78.0 11.0 90.0 37.0 83.0 30.0 0.0 0.0 19.0 26.0 0.0 78.0 78.0 71.0 30.0 13.0 0.0 68.0 1.0 37.0 24.0 76.0 0.0 34.0 3.0 0.0 16.0 69.0 40.0 57.0 0.0 0.0 98.0 0.0 48.0 3396.0 11.0
13 44.0 0.0 91.0 83.0 74.0 18.0 76.0 18.0 29.0 44.0 11.0 20.0 0.0 67.0 79.0 9.0 79.0 94.0 0.0 0.0 7.0 40.0 22.0 2.0 19.0 47.0 69.0 73.0 78.0 96.0 0.0 54.0 78.0 56.0 36.0 1.0 52.0 47.0 89.0 18.0 87.0 0.0 11.0 56.0 2.0 0.0 33.0 76.0 25.0 93.0 35.0 52.0 75.0 67.0 0.0 76.0 0.0 0.0 54.0 15.0 44.0 0.0 52.0 52.0 0.0 82.0 0.0 84.0 0.0 0.0 29.0 0.0 0.0 95.0 52.0 24.0 0.0 0.0 12.0 89.0 91.0 30.0 0.0 73.0 73.0 39.0 53.0 0.0 5.0 96.0 88.0 0.0 0.0 0.0 0.0 0.0 81.0 5.0 41.0 0.0 3927.0 3.0
9 21.0 82.0 21.0 59.0 6.0 10.0 13.0 17.0 0.0 0.0 0.0 35.0 22.0 49.0 53.0 0.0 0.0 88.0 39.0 0.0 36.0 9.0 66.0 90.0 17.0 11.0 0.0 52.0 56.0 66.0 0.0 24.0 0.0 82.0 43.0 97.0 23.0 93.0 2.0 23.0 0.0 11.0 15.0 15.0 52.0 55.0 95.0 23.0 0.0 8.0 37.0 4.0 0.0 0.0 0.0 25.0 22.0 35.0 54.0 63.0 71.0 17.0 68.0 71.0 72.0 0.0 53.0 0.0 42.0 9.0 38.0 87.0 85.0 86.0 85.0 57.0 69.0 86.0 0.0 0.0 26.0 0.0 0.0 41.0 12.0 8.0 0.0 88.0 0.0 50.0 49.0 46.0 70.0 80.0 99.0 22.0 65.0 93.0 39.0 0.0 3936.0 31.0
8 0.0 53.0 33.0 53.0 20.0 0.0 0.0 74.0 61.0 0.0 48.0 80.0 0.0 55.0 58.0 48.0 98.0 56.0 61.0 14.0 0.0 84.0 33.0 17.0 0.0 93.0 21.0 92.0 26.0 0.0 89.0 88.0 13.0 0.0 85.0 0.0 0.0 12.0 0.0 15.0 38.0 56.0 15.0 0.0 85.0 82.0 98.0 7.0 0.0 54.0 0.0 0.0 20.0 73.0 83.0 78.0 37.0 48.0 94.0 34.0 65.0 47.0 65.0 13.0 57.0 98.0 0.0 20.0 0.0 0.0 46.0 99.0 13.0 78.0 14.0 0.0 65.0 0.0 18.0 0.0 45.0 80.0 75.0 19.0 0.0 13.0 78.0 59.0 88.0 28.0 15.0 71.0 52.0 0.0 51.0 9.0 0.0 18.0 90.0 25.0 3467.0 35.0
7 59.0 9.0 6.0 28.0 51.0 70.0 0.0 65.0 11.0 0.0 0.0 0.0 16.0 7.0 85.0 52.0 77.0 35.0 92.0 0.0 68.0 53.0 0.0 2.0 86.0 69.0 91.0 51.0 13.0 0.0 72.0 5.0 2.0 0.0 84.0 0.0 49.0 0.0 11.0 0.0 73.0 2.0 52.0 85.0 1.0 82.0 4.0 81.0 38.0 78.0 12.0 0.0 83.0 0.0 43.0 27.0 64.0 12.0 0.0 57.0 74.0 0.0 0.0 13.0 28.0 0.0 69.0 77.0 0.0 100.0 99.0 94.0 0.0 5.0 97.0 31.0 27.0 28.0 5.0 0.0 43.0 0.0 94.0 72.0 0.0 0.0 76.0 98.0 0.0 7.0 26.0 88.0 78.0 0.0 54.0 70.0 41.0 10.0 75.0 0.0 3952.0 22.0
6 0.0 28.0 87.0 0.0 41.0 85.0 0.0 0.0 33.0 0.0 61.0 26.0 48.0 54.0 19.0 82.0 75.0 26.0 0.0 17.0 42.0 92.0 0.0 13.0 0.0 88.0 62.0 47.0 0.0 0.0 13.0 45.0 24.0 0.0 41.0 87.0 80.0 43.0 40.0 16.0 49.0 0.0 55.0 82.0 82.0 91.0 0.0 46.0 72.0 0.0 19.0 63.0 0.0 18.0 11.0 24.0 0.0 41.0 9.0 0.0 33.0 7.0 31.0 71.0 0.0 45.0 18.0 13.0 23.0 24.0 27.0 2.0 45.0 21.0 66.0 43.0 94.0 0.0 0.0 88.0 24.0 97.0 0.0 0.0 0.0 0.0 4.0 79.0 76.0 0.0 66.0 30.0 0.0 0.0 29.0 83.0 0.0 30.0 0.0 0.0 3644.0 33.0
5 0.0 70.0 0.0 0.0 58.0 0.0 17.0 73.0 87.0 39.0 0.0 74.0 54.0 85.0 93.0 99.0 5.0 89.0 57.0 20.0 82.0 58.0 0.0 12.0 60.0 96.0 95.0 22.0 42.0 0.0 0.0 20.0 67.0 74.0 30.0 54.0 0.0 61.0 0.0 95.0 28.0 33.0 95.0 98.0 4.0 0.0 72.0 0.0 0.0 7.0 24.0 24.0 0.0 61.0 78.0 15.0 0.0 23.0 79.0 24.0 11.0 68.0 16.0 49.0 2.0 0.0 0.0 100.0 0.0 44.0 19.0 0.0 26.0 30.0 7.0 56.0 64.0 7.0 88.0 71.0 0.0 81.0 33.0 17.0 49.0 0.0 55.0 88.0 0.0 81.0 59.0 88.0 0.0 77.0 44.0 23.0 16.0 28.0 50.0 75.0 3896.0 30.0
4 0.0 55.0 88.0 0.0 94.0 87.0 22.0 0.0 79.0 24.0 42.0 53.0 50.0 92.0 0.0 0.0 96.0 0.0 31.0 31.0 54.0 33.0 48.0 95.0 0.0 63.0 40.0 17.0 91.0 53.0 22.0 7.0 41.0 7.0 29.0 31.0 0.0 1.0 33.0 5.0 95.0 76.0 23.0 7.0 81.0 46.0 0.0 52.0 26.0 0.0 0.0 99.0 37.0 83.0 0.0 45.0 34.0 0.0 41.0 0.0 31.0 55.0 0.0 94.0 50.0 47.0 70.0 87.0 67.0 92.0 61.0 49.0 39.0 69.0 79.0 0.0 66.0 56.0 18.0 62.0 93.0 14.0 27.0 61.0 86.0 7.0 57.0 0.0 86.0 0.0 0.0 53.0 0.0 82.0 64.0 0.0 42.0 19.0 43.0 18.0 4309.0 50.0
3 0.0 20.0 38.0 70.0 57.0 0.0 64.0 53.0 0.0 21.0 43.0 71.0 45.0 66.0 18.0 99.0 10.0 0.0 78.0 81.0 75.0 50.0 88.0 0.0 99.0 0.0 72.0 35.0 45.0 54.0 32.0 19.0 78.0 8.0 33.0 25.0 30.0 58.0 11.0 42.0 0.0 25.0 0.0 0.0 38.0 72.0 0.0 26.0 0.0 35.0 34.0 31.0 76.0 100.0 95.0 95.0 85.0 52.0 41.0 69.0 78.0 38.0 85.0 77.0 0.0 17.0 0.0 19.0 94.0 0.0 43.0 0.0 100.0 33.0 40.0 41.0 82.0 0.0 79.0 69.0 23.0 30.0 54.0 23.0 95.0 71.0 58.0 45.0 47.0 99.0 18.0 0.0 0.0 5.0 56.0 0.0 16.0 26.0 33.0 51.0 3813.0 24.0
2 91.0 0.0 14.0 86.0 11.0 76.0 44.0 94.0 39.0 84.0 13.0 34.0 10.0 83.0 50.0 48.0 0.0 60.0 28.0 15.0 63.0 60.0 23.0 26.0 0.0 16.0 50.0 17.0 76.0 26.0 48.0 40.0 5.0 21.0 0.0 57.0 44.0 0.0 17.0 0.0 33.0 93.0 8.0 54.0 78.0 0.0 7.0 0.0 35.0 11.0 69.0 93.0 28.0 73.0 5.0 98.0 92.0 0.0 43.0 63.0 0.0 50.0 28.0 90.0 90.0 52.0 98.0 87.0 0.0 0.0 81.0 76.0 30.0 0.0 0.0 12.0 88.0 0.0 71.0 71.0 68.0 3.0 89.0 68.0 43.0 48.0 39.0 10.0 11.0 46.0 22.0 44.0 10.0 59.0 86.0 100.0 40.0 22.0 85.0 73.0 4346.0 50.0
12 43.0 0.0 0.0 93.0 19.0 21.0 51.0 0.0 40.0 48.0 46.0 0.0 54.0 72.0 81.0 100.0 0.0 88.0 21.0 50.0 26.0 71.0 0.0 0.0 71.0 29.0 17.0 0.0 57.0 67.0 68.0 13.0 73.0 76.0 37.0 0.0 85.0 81.0 80.0 96.0 61.0 35.0 37.0 0.0 12.0 19.0 24.0 0.0 34.0 69.0 0.0 31.0 0.0 10.0 38.0 0.0 0.0 95.0 55.0 0.0 94.0 0.0 73.0 0.0 39.0 0.0 66.0 32.0 95.0 98.0 0.0 11.0 30.0 6.0 0.0 23.0 72.0 40.0 52.0 55.0 20.0 2.0 88.0 98.0 20.0 63.0 85.0 84.0 50.0 14.0 0.0 0.0 100.0 63.0 89.0 0.0 15.0 18.0 0.0 38.0 3793.0 23.0
1 75.0 36.0 49.0 96.0 53.0 64.0 80.0 85.0 44.0 2.0 3.0 39.0 75.0 2.0 84.0 8.0 0.0 26.0 0.0 0.0 0.0 59.0 0.0 61.0 16.0 0.0 22.0 52.0 98.0 49.0 23.0 36.0 43.0 0.0 63.0 13.0 62.0 0.0 63.0 99.0 50.0 52.0 4.0 0.0 0.0 63.0 24.0 99.0 31.0 93.0 31.0 15.0 0.0 18.0 35.0 53.0 86.0 26.0 54.0 79.0 4.0 0.0 61.0 14.0 34.0 45.0 79.0 68.0 41.0 93.0 49.0 92.0 45.0 0.0 51.0 36.0 2.0 0.0 0.0 63.0 0.0 93.0 0.0 33.0 29.0 21.0 91.0 0.0 0.0 15.0 76.0 66.0 45.0 81.0 94.0 0.0 72.0 60.0 0.0 36.0 4020.0 46.0
19 12.0 0.0 79.0 7.0 0.0 75.0 40.0 18.0 6.0 70.0 98.0 83.0 98.0 0.0 74.0 14.0 18.0 0.0 68.0 0.0 2.0 63.0 36.0 0.0 0.0 0.0 0.0 0.0 68.0 13.0 21.0 67.0 25.0 0.0 15.0 39.0 9.0 33.0 93.0 41.0 0.0 75.0 0.0 20.0 83.0 0.0 0.0 37.0 76.0 28.0 0.0 0.0 84.0 32.0 0.0 48.0 0.0 89.0 28.0 0.0 91.0 88.0 96.0 0.0 99.0 0.0 0.0 50.0 45.0 0.0 68.0 48.0 29.0 0.0 64.0 85.0 0.0 84.0 0.0 0.0 20.0 57.0 0.0 0.0 86.0 19.0 22.0 24.0 74.0 0.0 0.0 0.0 26.0 74.0 0.0 58.0 63.0 63.0 82.0 83.0 3308.0 26.0
18 0.0 66.0 0.0 97.0 15.0 11.0 85.0 53.0 0.0 0.0 68.0 16.0 0.0 98.0 63.0 0.0 48.0 94.0 30.0 80.0 4.0 0.0 50.0 0.0 29.0 0.0 90.0 75.0 19.0 29.0 46.0 86.0 68.0 85.0 98.0 0.0 19.0 28.0 85.0 70.0 39.0 67.0 0.0 73.0 0.0 18.0 61.0 83.0 100.0 73.0 10.0 18.0 32.0 0.0 0.0 0.0 32.0 53.0 0.0 68.0 71.0 58.0 0.0 0.0 0.0 28.0 39.0 0.0 79.0 37.0 86.0 82.0 62.0 0.0 78.0 54.0 48.0 0.0 56.0 99.0 60.0 0.0 15.0 0.0 34.0 37.0 0.0 0.0 1.0 0.0 18.0 88.0 59.0 42.0 16.0 93.0 68.0 0.0 41.0 45.0 3645.0 14.0
0 0.0 0.0 12.0 0.0 45.0 0.0 32.0 0.0 0.0 11.0 0.0 77.0 50.0 0.0 22.0 86.0 0.0 44.0 91.0 59.0 38.0 41.0 0.0 55.0 0.0 23.0 20.0 0.0 0.0 10.0 0.0 0.0 0.0 4.0 0.0 48.0 22.0 0.0 21.0 57.0 87.0 0.0 0.0 83.0 43.0 11.0 78.0 0.0 95.0 5.0 38.0 35.0 0.0 0.0 55.0 93.0 44.0 35.0 0.0 25.0 10.0 96.0 83.0 71.0 70.0 53.0 26.0 7.0 96.0 40.0 0.0 57.0 48.0 50.0 37.0 60.0 3.0 26.0 0.0 87.0 21.0 75.0 0.0 26.0 0.0 0.0 26.0 21.0 13.0 86.0 8.0 50.0 54.0 18.0 47.0 81.0 67.0 20.0 50.0 85.0 4013.0 12.0
45 14.0 64.0 58.0 31.0 30.0 0.0 17.0 99.0 0.0 100.0 93.0 1.0 81.0 43.0 28.0 62.0 55.0 84.0 6.0 5.0 0.0 36.0 0.0 30.0 46.0 96.0 0.0 3.0 0.0 1.0 5.0 81.0 6.0 5.0 26.0 11.0 11.0 0.0 76.0 84.0 43.0 76.0 25.0 78.0 27.0 24.0 15.0 45.0 95.0 98.0 0.0 53.0 48.0 0.0 93.0 0.0 73.0 0.0 0.0 59.0 29.0 7.0 88.0 70.0 0.0 0.0 10.0 68.0 50.0 46.0 44.0 64.0 0.0 27.0 0.0 0.0 0.0 0.0 55.0 0.0 36.0 19.0 0.0 22.0 0.0 98.0 92.0 19.0 11.0 12.0 14.0 18.0 95.0 94.0 80.0 0.0 91.0 29.0 28.0 88.0 3685.0 15.0
48 9.0 41.0 3.0 0.0 55.0 0.0 0.0 2.0 42.0 52.0 31.0 49.0 41.0 92.0 16.0 59.0 0.0 76.0 7.0 79.0 0.0 0.0 0.0 13.0 66.0 26.0 74.0 0.0 49.0 96.0 12.0 9.0 92.0 46.0 41.0 77.0 8.0 36.0 43.0 0.0 33.0 0.0 22.0 37.0 64.0 0.0 0.0 34.0 85.0 92.0 0.0 86.0 0.0 32.0 44.0 73.0 56.0 0.0 0.0 38.0 86.0 46.0 26.0 32.0 0.0 33.0 16.0 29.0 33.0 56.0 0.0 95.0 83.0 19.0 82.0 93.0 63.0 65.0 24.0 88.0 48.0 90.0 0.0 61.0 0.0 10.0 24.0 83.0 45.0 61.0 0.0 89.0 40.0 58.0 75.0 24.0 98.0 0.0 0.0 0.0 3921.0 41.0
39 0.0 86.0 65.0 56.0 17.0 36.0 85.0 39.0 16.0 83.0 59.0 51.0 0.0 58.0 99.0 92.0 98.0 0.0 28.0 10.0 0.0 0.0 73.0 21.0 60.0 24.0 40.0 33.0 9.0 89.0 83.0 21.0 7.0 56.0 0.0 80.0 4.0 60.0 0.0 0.0 37.0 0.0 35.0 48.0 12.0 41.0 23.0 0.0 52.0 0.0 95.0 26.0 89.0 53.0 35.0 0.0 0.0 92.0 0.0 93.0 61.0 0.0 0.0 22.0 18.0 0.0 25.0 0.0 27.0 97.0 1.0 88.0 76.0 13.0 59.0 3.0 0.0 76.0 86.0 87.0 78.0 83.0 82.0 73.0 7.0 43.0 85.0 0.0 97.0 92.0 10.0 0.0 86.0 4.0 11.0 35.0 0.0 68.0 67.0 96.0 4062.0 46.0
35 0.0 84.0 0.0 48.0 49.0 48.0 0.0 3.0 42.0 0.0 93.0 0.0 32.0 88.0 45.0 54.0 25.0 73.0 70.0 17.0 42.0 53.0 0.0 81.0 49.0 0.0 0.0 46.0 10.0 35.0 80.0 52.0 0.0 83.0 17.0 0.0 0.0 10.0 15.0 36.0 62.0 54.0 54.0 94.0 0.0 9.0 79.0 41.0 41.0 43.0 55.0 54.0 28.0 0.0 0.0 0.0 0.0 0.0 0.0 65.0 26.0 0.0 13.0 0.0 0.0 35.0 78.0 49.0 54.0 42.0 52.0 87.0 21.0 82.0 81.0 83.0 11.0 92.0 45.0 84.0 64.0 0.0 34.0 8.0 13.0 28.0 9.0 9.0 100.0 98.0 96.0 51.0 97.0 0.0 37.0 94.0 0.0 91.0 48.0 0.0 4079.0 10.0
49 79.0 87.0 75.0 0.0 0.0 60.0 27.0 0.0 97.0 0.0 79.0 50.0 60.0 43.0 92.0 84.0 51.0 10.0 23.0 81.0 22.0 44.0 5.0 91.0 49.0 20.0 25.0 98.0 0.0 58.0 0.0 15.0 38.0 52.0 45.0 71.0 0.0 0.0 73.0 28.0 11.0 15.0 63.0 34.0 57.0 0.0 24.0 0.0 69.0 63.0 0.0 79.0 0.0 68.0 25.0 59.0 38.0 93.0 65.0 15.0 8.0 64.0 50.0 36.0 89.0 41.0 12.0 67.0 83.0 57.0 96.0 0.0 66.0 1.0 43.0 94.0 71.0 67.0 73.0 38.0 0.0 82.0 0.0 24.0 0.0 52.0 7.0 78.0 84.0 0.0 95.0 0.0 0.0 79.0 0.0 26.0 64.0 94.0 0.0 95.0 4119.0 18.0
47 0.0 4.0 99.0 96.0 0.0 0.0 93.0 0.0 8.0 88.0 66.0 20.0 59.0 42.0 0.0 39.0 50.0 0.0 0.0 61.0 98.0 32.0 74.0 11.0 51.0 0.0 42.0 21.0 5.0 0.0 0.0 88.0 54.0 15.0 0.0 89.0 0.0 80.0 21.0 71.0 25.0 44.0 71.0 65.0 74.0 33.0 11.0 31.0 78.0 0.0 94.0 4.0 91.0 71.0 10.0 29.0 86.0 61.0 26.0 8.0 85.0 33.0 54.0 98.0 48.0 25.0 58.0 10.0 48.0 12.0 4.0 98.0 0.0 41.0 98.0 68.0 0.0 83.0 30.0 0.0 0.0 0.0 99.0 0.0 8.0 0.0 80.0 82.0 94.0 9.0 0.0 86.0 0.0 96.0 95.0 100.0 59.0 44.0 98.0 77.0 3841.0 14.0
38 14.0 83.0 78.0 38.0 63.0 9.0 52.0 0.0 87.0 0.0 87.0 17.0 100.0 92.0 0.0 0.0 0.0 64.0 29.0 14.0 0.0 73.0 0.0 57.0 70.0 79.0 96.0 11.0 50.0 0.0 25.0 32.0 94.0 0.0 28.0 0.0 17.0 0.0 74.0 78.0 0.0 0.0 17.0 47.0 0.0 7.0 68.0 55.0 38.0 50.0 0.0 0.0 88.0 58.0 96.0 7.0 46.0 0.0 0.0 64.0 33.0 18.0 0.0 49.0 45.0 53.0 11.0 0.0 8.0 64.0 0.0 0.0 43.0 26.0 0.0 0.0 8.0 69.0 43.0 79.0 77.0 0.0 76.0 0.0 0.0 76.0 0.0 40.0 72.0 84.0 61.0 0.0 20.0 0.0 0.0 71.0 42.0 0.0 0.0 0.0 3758.0 47.0
33 0.0 19.0 51.0 40.0 57.0 45.0 9.0 0.0 24.0 25.0 40.0 50.0 0.0 69.0 27.0 81.0 34.0 72.0 1.0 97.0 79.0 29.0 13.0 0.0 23.0 70.0 26.0 1.0 0.0 22.0 20.0 37.0 56.0 68.0 13.0 79.0 48.0 6.0 0.0 58.0 0.0 52.0 68.0 65.0 0.0 31.0 16.0 0.0 85.0 28.0 73.0 61.0 96.0 0.0 83.0 88.0 26.0 0.0 13.0 50.0 54.0 0.0 24.0 0.0 16.0 83.0 75.0 35.0 95.0 58.0 16.0 17.0 0.0 62.0 16.0 77.0 45.0 44.0 52.0 24.0 22.0 21.0 0.0 0.0 44.0 0.0 44.0 15.0 88.0 32.0 73.0 41.0 89.0 45.0 93.0 75.0 82.0 78.0 50.0 0.0 3351.0 8.0
30 21.0 79.0 0.0 23.0 88.0 0.0 39.0 93.0 83.0 58.0 47.0 0.0 85.0 98.0 49.0 0.0 0.0 0.0 17.0 44.0 23.0 0.0 88.0 60.0 0.0 38.0 51.0 30.0 0.0 9.0 50.0 67.0 85.0 38.0 0.0 89.0 71.0 18.0 4.0 70.0 51.0 52.0 71.0 13.0 13.0 71.0 49.0 94.0 77.0 90.0 0.0 14.0 0.0 0.0 71.0 70.0 32.0 22.0 0.0 36.0 98.0 49.0 0.0 0.0 100.0 46.0 97.0 0.0 40.0 94.0 67.0 25.0 57.0 0.0 50.0 32.0 40.0 13.0 40.0 28.0 51.0 0.0 0.0 27.0 69.0 71.0 34.0 31.0 6.0 13.0 68.0 2.0 5.0 3.0 72.0 5.0 50.0 9.0 28.0 83.0 3568.0 29.0
40 0.0 98.0 84.0 36.0 7.0 5.0 0.0 18.0 29.0 0.0 0.0 40.0 83.0 0.0 62.0 78.0 25.0 0.0 79.0 0.0 0.0 54.0 19.0 73.0 15.0 75.0 29.0 10.0 36.0 63.0 32.0 18.0 100.0 5.0 0.0 88.0 34.0 16.0 18.0 0.0 45.0 0.0 72.0 57.0 28.0 0.0 2.0 50.0 0.0 90.0 39.0 34.0 99.0 0.0 70.0 0.0 0.0 18.0 0.0 89.0 48.0 45.0 16.0 100.0 27.0 74.0 67.0 91.0 24.0 70.0 0.0 0.0 67.0 90.0 0.0 0.0 0.0 32.0 0.0 0.0 0.0 0.0 6.0 15.0 98.0 78.0 92.0 0.0 57.0 71.0 54.0 5.0 0.0 0.0 40.0 0.0 0.0 42.0 65.0 0.0 3644.0 50.0
34 55.0 16.0 63.0 0.0 59.0 3.0 0.0 53.0 32.0 41.0 51.0 0.0 41.0 51.0 29.0 38.0 62.0 61.0 55.0 0.0 92.0 0.0 69.0 0.0 43.0 29.0 18.0 0.0 0.0 52.0 0.0 0.0 68.0 42.0 70.0 0.0 96.0 98.0 98.0 0.0 78.0 82.0 0.0 98.0 0.0 45.0 0.0 47.0 17.0 52.0 0.0 45.0 0.0 28.0 53.0 0.0 33.0 0.0 35.0 41.0 25.0 53.0 83.0 46.0 74.0 0.0 0.0 19.0 0.0 0.0 48.0 67.0 0.0 35.0 0.0 70.0 50.0 89.0 41.0 53.0 72.0 10.0 65.0 49.0 0.0 39.0 50.0 64.0 52.0 60.0 4.0 0.0 56.0 23.0 5.0 76.0 1.0 0.0 67.0 65.0 3177.0 13.0
32 70.0 2.0 69.0 84.0 39.0 31.0 70.0 24.0 75.0 57.0 79.0 0.0 0.0 19.0 78.0 99.0 11.0 0.0 12.0 26.0 26.0 0.0 74.0 11.0 21.0 13.0 61.0 84.0 0.0 31.0 100.0 0.0 85.0 90.0 26.0 42.0 36.0 36.0 74.0 49.0 11.0 0.0 53.0 0.0 69.0 18.0 0.0 70.0 0.0 98.0 66.0 79.0 0.0 39.0 26.0 10.0 16.0 25.0 78.0 12.0 58.0 11.0 75.0 97.0 67.0 0.0 100.0 93.0 79.0 0.0 65.0 0.0 62.0 0.0 10.0 55.0 22.0 76.0 75.0 20.0 1.0 95.0 89.0 21.0 7.0 95.0 41.0 0.0 43.0 12.0 13.0 0.0 32.0 91.0 0.0 9.0 60.0 44.0 88.0 27.0 4099.0 13.0
29 19.0 10.0 32.0 30.0 0.0 10.0 48.0 0.0 67.0 0.0 48.0 0.0 17.0 63.0 66.0 75.0 35.0 77.0 20.0 69.0 93.0 50.0 75.0 16.0 51.0 1.0 70.0 0.0 78.0 45.0 0.0 65.0 31.0 0.0 41.0 0.0 98.0 2.0 85.0 65.0 90.0 84.0 0.0 20.0 77.0 13.0 100.0 87.0 19.0 87.0 32.0 68.0 50.0 0.0 7.0 68.0 29.0 0.0 49.0 67.0 10.0 0.0 35.0 0.0 91.0 19.0 93.0 81.0 25.0 0.0 14.0 0.0 75.0 0.0 0.0 33.0 98.0 88.0 72.0 63.0 33.0 23.0 0.0 0.0 56.0 50.0 0.0 0.0 16.0 2.0 61.0 0.0 36.0 0.0 0.0 39.0 0.0 91.0 31.0 64.0 3164.0 12.0
44 66.0 17.0 64.0 86.0 82.0 23.0 59.0 80.0 0.0 0.0 40.0 67.0 16.0 40.0 70.0 35.0 76.0 32.0 0.0 90.0 29.0 100.0 33.0 0.0 17.0 0.0 22.0 82.0 36.0 24.0 49.0 0.0 0.0 81.0 0.0 15.0 21.0 91.0 57.0 0.0 37.0 0.0 42.0 0.0 0.0 23.0 0.0 67.0 94.0 0.0 95.0 41.0 45.0 79.0 96.0 50.0 33.0 27.0 54.0 83.0 48.0 8.0 95.0 40.0 24.0 0.0 79.0 25.0 0.0 21.0 88.0 34.0 71.0 6.0 44.0 5.0 3.0 7.0 73.0 80.0 57.0 76.0 86.0 24.0 69.0 0.0 94.0 17.0 0.0 4.0 32.0 31.0 0.0 0.0 44.0 0.0 98.0 27.0 0.0 76.0 3789.0 26.0
26 84.0 58.0 41.0 56.0 98.0 0.0 0.0 15.0 64.0 10.0 95.0 53.0 36.0 66.0 23.0 6.0 67.0 84.0 57.0 60.0 14.0 73.0 89.0 19.0 4.0 42.0 26.0 19.0 57.0 0.0 58.0 13.0 62.0 53.0 70.0 10.0 30.0 14.0 11.0 92.0 83.0 0.0 9.0 0.0 100.0 24.0 44.0 92.0 0.0 0.0 98.0 93.0 0.0 37.0 40.0 46.0 56.0 97.0 42.0 57.0 12.0 64.0 58.0 94.0 70.0 0.0 0.0 0.0 21.0 33.0 45.0 0.0 81.0 0.0 0.0 78.0 32.0 70.0 79.0 58.0 39.0 81.0 91.0 80.0 2.0 5.0 65.0 78.0 0.0 0.0 25.0 63.0 37.0 11.0 29.0 77.0 9.0 95.0 8.0 40.0 3918.0 38.0
46 8.0 34.0 0.0 58.0 73.0 84.0 0.0 0.0 88.0 59.0 5.0 19.0 0.0 29.0 68.0 10.0 97.0 0.0 0.0 0.0 24.0 61.0 88.0 25.0 90.0 84.0 16.0 0.0 0.0 58.0 23.0 86.0 0.0 26.0 55.0 39.0 15.0 0.0 81.0 98.0 30.0 29.0 38.0 46.0 99.0 27.0 19.0 61.0 43.0 81.0 0.0 49.0 68.0 86.0 0.0 44.0 0.0 1.0 52.0 96.0 4.0 0.0 16.0 67.0 0.0 48.0 65.0 14.0 88.0 45.0 67.0 65.0 0.0 28.0 0.0 50.0 4.0 0.0 86.0 0.0 22.0 0.0 96.0 96.0 1.0 0.0 9.0 92.0 41.0 0.0 96.0 91.0 62.0 11.0 25.0 22.0 87.0 0.0 98.0 30.0 3743.0 2.0
42 31.0 77.0 72.0 15.0 0.0 33.0 0.0 11.0 25.0 92.0 2.0 92.0 43.0 8.0 76.0 45.0 45.0 0.0 6.0 37.0 42.0 98.0 0.0 0.0 65.0 17.0 93.0 51.0 78.0 0.0 17.0 0.0 43.0 99.0 64.0 0.0 40.0 0.0 51.0 71.0 0.0 0.0 87.0 99.0 94.0 2.0 0.0 49.0 0.0 76.0 11.0 92.0 48.0 82.0 57.0 64.0 95.0 88.0 87.0 0.0 98.0 0.0 17.0 25.0 0.0 67.0 0.0 0.0 34.0 0.0 65.0 0.0 22.0 16.0 22.0 20.0 50.0 3.0 80.0 0.0 83.0 53.0 0.0 65.0 24.0 70.0 9.0 35.0 0.0 89.0 45.0 0.0 37.0 97.0 87.0 7.0 0.0 17.0 73.0 56.0 4225.0 4.0
37 37.0 0.0 9.0 45.0 95.0 0.0 32.0 78.0 42.0 0.0 71.0 90.0 11.0 90.0 78.0 0.0 23.0 34.0 87.0 3.0 91.0 2.0 22.0 0.0 71.0 42.0 29.0 76.0 10.0 0.0 0.0 0.0 86.0 70.0 67.0 20.0 2.0 35.0 79.0 0.0 0.0 0.0 85.0 13.0 0.0 45.0 26.0 39.0 100.0 30.0 30.0 45.0 29.0 62.0 48.0 0.0 83.0 76.0 21.0 66.0 0.0 43.0 0.0 57.0 67.0 0.0 62.0 75.0 71.0 81.0 0.0 22.0 0.0 22.0 40.0 91.0 0.0 0.0 44.0 28.0 78.0 0.0 67.0 0.0 45.0 100.0 54.0 0.0 20.0 89.0 69.0 87.0 0.0 29.0 72.0 3.0 0.0 99.0 0.0 73.0 3772.0 41.0
28 18.0 87.0 94.0 81.0 81.0 31.0 0.0 15.0 0.0 6.0 97.0 0.0 49.0 22.0 50.0 3.0 0.0 90.0 0.0 89.0 13.0 60.0 0.0 20.0 55.0 85.0 37.0 0.0 89.0 4.0 41.0 59.0 62.0 0.0 0.0 81.0 0.0 88.0 65.0 0.0 19.0 95.0 86.0 78.0 5.0 21.0 30.0 69.0 33.0 0.0 6.0 0.0 0.0 0.0 50.0 27.0 19.0 13.0 82.0 1.0 41.0 26.0 62.0 0.0 90.0 35.0 0.0 0.0 6.0 0.0 28.0 16.0 22.0 11.0 38.0 86.0 60.0 0.0 10.0 54.0 97.0 83.0 98.0 74.0 0.0 89.0 0.0 54.0 83.0 49.0 0.0 62.0 45.0 78.0 58.0 67.0 72.0 13.0 48.0 72.0 3616.0 13.0
41 13.0 10.0 0.0 47.0 86.0 30.0 0.0 67.0 98.0 27.0 76.0 70.0 94.0 15.0 47.0 0.0 98.0 41.0 0.0 0.0 54.0 7.0 56.0 89.0 59.0 0.0 0.0 85.0 8.0 0.0 0.0 2.0 76.0 76.0 0.0 39.0 82.0 41.0 98.0 47.0 26.0 52.0 85.0 14.0 97.0 66.0 7.0 79.0 40.0 0.0 0.0 51.0 64.0 78.0 37.0 0.0 82.0 59.0 81.0 43.0 98.0 0.0 16.0 50.0 0.0 0.0 10.0 0.0 44.0 0.0 0.0 22.0 40.0 38.0 33.0 82.0 0.0 91.0 0.0 35.0 8.0 61.0 37.0 65.0 70.0 58.0 71.0 0.0 87.0 33.0 44.0 0.0 0.0 40.0 51.0 0.0 27.0 90.0 27.0 0.0 3697.0 41.0
36 0.0 58.0 89.0 0.0 8.0 74.0 48.0 82.0 78.0 70.0 39.0 0.0 88.0 0.0 0.0 60.0 0.0 79.0 69.0 9.0 3.0 0.0 20.0 0.0 99.0 26.0 56.0 6.0 87.0 63.0 0.0 42.0 55.0 33.0 96.0 51.0 90.0 0.0 98.0 0.0 0.0 24.0 57.0 0.0 31.0 43.0 56.0 0.0 41.0 12.0 23.0 36.0 85.0 54.0 60.0 0.0 93.0 3.0 83.0 94.0 68.0 0.0 77.0 32.0 0.0 70.0 55.0 33.0 5.0 78.0 50.0 20.0 91.0 86.0 82.0 73.0 0.0 83.0 1.0 94.0 0.0 94.0 70.0 0.0 78.0 0.0 0.0 0.0 60.0 49.0 93.0 16.0 38.0 68.0 0.0 77.0 96.0 0.0 63.0 9.0 3689.0 42.0
31 20.0 26.0 26.0 0.0 52.0 43.0 55.0 61.0 0.0 49.0 0.0 83.0 16.0 0.0 94.0 75.0 70.0 67.0 0.0 0.0 10.0 46.0 16.0 0.0 0.0 0.0 0.0 34.0 95.0 75.0 89.0 0.0 84.0 0.0 74.0 98.0 94.0 6.0 0.0 74.0 78.0 0.0 69.0 65.0 27.0 94.0 64.0 66.0 82.0 88.0 72.0 2.0 0.0 48.0 3.0 0.0 63.0 0.0 11.0 71.0 0.0 8.0 45.0 40.0 0.0 50.0 22.0 98.0 3.0 32.0 4.0 50.0 0.0 60.0 0.0 0.0 8.0 37.0 0.0 16.0 88.0 38.0 87.0 0.0 32.0 15.0 14.0 66.0 53.0 0.0 93.0 29.0 40.0 17.0 85.0 91.0 0.0 0.0 0.0 0.0 3508.0 48.0
27 0.0 47.0 0.0 0.0 98.0 0.0 72.0 50.0 62.0 69.0 0.0 82.0 0.0 4.0 38.0 95.0 11.0 64.0 80.0 75.0 34.0 83.0 0.0 71.0 0.0 22.0 0.0 0.0 97.0 46.0 0.0 10.0 3.0 0.0 24.0 14.0 57.0 84.0 97.0 34.0 78.0 0.0 86.0 0.0 28.0 0.0 7.0 56.0 0.0 0.0 40.0 0.0 84.0 0.0 26.0 0.0 65.0 76.0 92.0 67.0 83.0 69.0 44.0 13.0 32.0 89.0 76.0 88.0 7.0 70.0 0.0 3.0 0.0 0.0 91.0 83.0 37.0 38.0 5.0 14.0 0.0 65.0 95.0 0.0 0.0 29.0 0.0 61.0 0.0 19.0 45.0 19.0 78.0 28.0 54.0 20.0 8.0 93.0 31.0 73.0 3884.0 9.0
25 20.0 16.0 7.0 76.0 8.0 93.0 0.0 24.0 56.0 29.0 63.0 0.0 91.0 0.0 0.0 9.0 52.0 72.0 0.0 74.0 13.0 67.0 87.0 71.0 2.0 65.0 76.0 50.0 70.0 0.0 91.0 61.0 50.0 26.0 80.0 4.0 49.0 0.0 56.0 50.0 71.0 12.0 0.0 18.0 5.0 0.0 88.0 18.0 79.0 71.0 52.0 0.0 0.0 56.0 0.0 55.0 24.0 86.0 45.0 73.0 30.0 43.0 52.0 40.0 0.0 41.0 75.0 72.0 73.0 79.0 86.0 80.0 44.0 10.0 0.0 1.0 0.0 5.0 76.0 62.0 18.0 0.0 5.0 25.0 24.0 27.0 4.0 22.0 75.0 90.0 0.0 15.0 98.0 12.0 0.0 98.0 0.0 17.0 93.0 85.0 3637.0 39.0
72 54.0 28.0 43.0 14.0 80.0 12.0 34.0 51.0 0.0 28.0 55.0 0.0 26.0 0.0 88.0 23.0 78.0 45.0 65.0 0.0 45.0 0.0 77.0 0.0 74.0 0.0 2.0 51.0 16.0 0.0 25.0 34.0 0.0 92.0 49.0 4.0 1.0 0.0 0.0 0.0 30.0 89.0 0.0 0.0 0.0 88.0 71.0 62.0 69.0 71.0 55.0 63.0 0.0 99.0 87.0 0.0 88.0 87.0 84.0 38.0 0.0 79.0 24.0 28.0 0.0 53.0 20.0 63.0 80.0 58.0 0.0 0.0 28.0 54.0 35.0 94.0 16.0 14.0 62.0 0.0 0.0 25.0 74.0 38.0 78.0 0.0 46.0 32.0 22.0 0.0 68.0 58.0 0.0 31.0 47.0 89.0 12.0 95.0 2.0 72.0 3145.0 35.0
57 0.0 4.0 0.0 76.0 58.0 77.0 36.0 32.0 93.0 0.0 3.0 46.0 65.0 91.0 7.0 41.0 4.0 0.0 73.0 87.0 0.0 96.0 41.0 0.0 73.0 94.0 0.0 67.0 58.0 0.0 64.0 67.0 41.0 0.0 86.0 34.0 76.0 89.0 82.0 89.0 13.0 91.0 26.0 45.0 43.0 24.0 0.0 93.0 23.0 68.0 20.0 0.0 20.0 60.0 21.0 36.0 48.0 78.0 64.0 0.0 0.0 77.0 22.0 51.0 0.0 72.0 1.0 33.0 57.0 39.0 22.0 83.0 78.0 97.0 8.0 0.0 88.0 0.0 18.0 0.0 0.0 0.0 0.0 0.0 59.0 52.0 0.0 42.0 54.0 40.0 85.0 92.0 0.0 69.0 99.0 0.0 0.0 55.0 46.0 0.0 3691.0 12.0
56 97.0 0.0 66.0 0.0 47.0 7.0 50.0 71.0 0.0 0.0 24.0 50.0 38.0 7.0 99.0 35.0 0.0 24.0 0.0 84.0 81.0 82.0 78.0 0.0 0.0 0.0 35.0 84.0 73.0 42.0 91.0 0.0 93.0 38.0 33.0 13.0 34.0 9.0 17.0 48.0 0.0 30.0 0.0 80.0 0.0 97.0 81.0 14.0 30.0 3.0 2.0 93.0 57.0 0.0 75.0 19.0 90.0 83.0 0.0 82.0 0.0 0.0 21.0 0.0 0.0 10.0 95.0 23.0 76.0 81.0 0.0 53.0 0.0 83.0 61.0 94.0 38.0 65.0 0.0 25.0 0.0 23.0 0.0 71.0 32.0 14.0 22.0 0.0 65.0 21.0 59.0 81.0 97.0 0.0 0.0 92.0 94.0 0.0 76.0 63.0 4223.0 48.0
69 60.0 59.0 49.0 62.0 63.0 0.0 0.0 0.0 79.0 69.0 23.0 73.0 0.0 80.0 8.0 63.0 0.0 0.0 0.0 0.0 99.0 95.0 33.0 53.0 37.0 11.0 57.0 48.0 0.0 53.0 64.0 98.0 4.0 2.0 0.0 81.0 35.0 31.0 88.0 65.0 68.0 0.0 0.0 75.0 94.0 0.0 33.0 27.0 54.0 89.0 88.0 0.0 0.0 15.0 0.0 0.0 0.0 82.0 34.0 0.0 99.0 76.0 0.0 0.0 6.0 65.0 89.0 0.0 86.0 91.0 96.0 0.0 67.0 98.0 37.0 70.0 87.0 95.0 5.0 74.0 0.0 0.0 35.0 0.0 67.0 77.0 13.0 0.0 0.0 11.0 0.0 97.0 12.0 85.0 16.0 0.0 54.0 0.0 0.0 9.0 4039.0 1.0
52 8.0 20.0 0.0 0.0 52.0 0.0 0.0 70.0 50.0 6.0 94.0 17.0 13.0 0.0 9.0 71.0 0.0 27.0 37.0 62.0 0.0 18.0 62.0 83.0 0.0 70.0 59.0 32.0 76.0 33.0 0.0 96.0 5.0 13.0 79.0 98.0 48.0 78.0 8.0 50.0 1.0 73.0 41.0 19.0 72.0 0.0 17.0 61.0 23.0 68.0 98.0 33.0 0.0 0.0 26.0 22.0 61.0 73.0 8.0 24.0 0.0 0.0 0.0 27.0 15.0 49.0 21.0 0.0 24.0 80.0 96.0 65.0 0.0 74.0 65.0 0.0 0.0 0.0 25.0 38.0 0.0 71.0 0.0 46.0 86.0 31.0 0.0 45.0 56.0 74.0 2.0 0.0 36.0 65.0 17.0 0.0 0.0 10.0 0.0 26.0 3530.0 4.0
68 0.0 32.0 71.0 0.0 93.0 91.0 94.0 93.0 87.0 14.0 0.0 66.0 48.0 54.0 0.0 87.0 43.0 31.0 0.0 16.0 32.0 34.0 6.0 22.0 21.0 27.0 90.0 79.0 69.0 99.0 0.0 81.0 32.0 4.0 0.0 31.0 83.0 0.0 71.0 72.0 37.0 73.0 12.0 0.0 0.0 0.0 49.0 86.0 95.0 43.0 20.0 29.0 86.0 34.0 0.0 0.0 0.0 7.0 13.0 0.0 8.0 0.0 44.0 69.0 98.0 0.0 7.0 56.0 69.0 2.0 1.0 24.0 45.0 0.0 70.0 78.0 32.0 0.0 24.0 78.0 59.0 32.0 67.0 86.0 40.0 71.0 0.0 0.0 39.0 0.0 86.0 23.0 0.0 34.0 1.0 73.0 79.0 0.0 37.0 0.0 3267.0 21.0
62 35.0 0.0 24.0 63.0 12.0 97.0 0.0 40.0 0.0 10.0 97.0 20.0 0.0 9.0 91.0 77.0 0.0 0.0 0.0 94.0 46.0 47.0 0.0 0.0 13.0 0.0 0.0 64.0 0.0 39.0 40.0 31.0 21.0 16.0 92.0 0.0 18.0 37.0 61.0 0.0 24.0 39.0 8.0 13.0 0.0 0.0 0.0 7.0 71.0 48.0 63.0 21.0 19.0 37.0 0.0 98.0 10.0 43.0 28.0 52.0 0.0 76.0 0.0 71.0 78.0 39.0 95.0 50.0 0.0 5.0 0.0 70.0 100.0 89.0 58.0 0.0 15.0 29.0 27.0 0.0 52.0 14.0 77.0 31.0 71.0 0.0 19.0 87.0 22.0 70.0 69.0 30.0 94.0 0.0 0.0 0.0 63.0 75.0 0.0 0.0 3028.0 43.0
59 46.0 30.0 0.0 10.0 87.0 0.0 0.0 74.0 92.0 64.0 92.0 89.0 94.0 0.0 99.0 34.0 55.0 78.0 37.0 15.0 93.0 45.0 34.0 75.0 13.0 60.0 79.0 24.0 2.0 14.0 2.0 80.0 0.0 39.0 94.0 100.0 61.0 27.0 0.0 26.0 76.0 53.0 0.0 78.0 76.0 4.0 55.0 57.0 58.0 39.0 85.0 91.0 22.0 0.0 26.0 92.0 24.0 85.0 9.0 7.0 80.0 0.0 44.0 34.0 92.0 50.0 41.0 0.0 94.0 65.0 9.0 9.0 54.0 0.0 71.0 0.0 14.0 0.0 4.0 46.0 0.0 22.0 13.0 0.0 0.0 19.0 56.0 32.0 0.0 84.0 72.0 15.0 7.0 0.0 27.0 66.0 57.0 4.0 69.0 68.0 4132.0 16.0
55 18.0 86.0 44.0 7.0 42.0 14.0 76.0 79.0 0.0 0.0 28.0 87.0 43.0 0.0 0.0 0.0 19.0 0.0 83.0 0.0 11.0 0.0 29.0 81.0 76.0 36.0 26.0 86.0 78.0 0.0 34.0 88.0 0.0 0.0 62.0 45.0 27.0 0.0 69.0 29.0 0.0 0.0 88.0 59.0 98.0 79.0 88.0 0.0 45.0 10.0 84.0 0.0 24.0 0.0 21.0 19.0 83.0 0.0 9.0 78.0 82.0 40.0 15.0 31.0 0.0 64.0 0.0 0.0 17.0 78.0 92.0 35.0 0.0 54.0 0.0 0.0 66.0 61.0 22.0 32.0 42.0 0.0 0.0 45.0 0.0 87.0 32.0 57.0 0.0 0.0 40.0 62.0 70.0 44.0 73.0 99.0 0.0 77.0 54.0 26.0 4259.0 19.0
53 0.0 0.0 25.0 21.0 68.0 39.0 0.0 0.0 0.0 0.0 22.0 37.0 50.0 61.0 33.0 65.0 0.0 41.0 0.0 39.0 92.0 55.0 42.0 19.0 46.0 40.0 80.0 0.0 67.0 44.0 0.0 92.0 92.0 3.0 0.0 12.0 29.0 0.0 24.0 69.0 34.0 5.0 0.0 88.0 0.0 76.0 0.0 86.0 47.0 11.0 50.0 0.0 74.0 1.0 13.0 11.0 45.0 97.0 100.0 84.0 94.0 72.0 88.0 6.0 57.0 52.0 43.0 16.0 0.0 0.0 41.0 0.0 20.0 83.0 87.0 60.0 53.0 0.0 75.0 22.0 54.0 65.0 0.0 56.0 39.0 22.0 0.0 0.0 0.0 69.0 10.0 65.0 46.0 0.0 10.0 6.0 89.0 0.0 53.0 63.0 3325.0 1.0
54 82.0 67.0 84.0 0.0 75.0 50.0 76.0 25.0 39.0 62.0 0.0 20.0 51.0 7.0 57.0 0.0 39.0 73.0 31.0 55.0 48.0 37.0 22.0 51.0 83.0 0.0 0.0 19.0 53.0 9.0 97.0 47.0 94.0 85.0 77.0 37.0 53.0 0.0 16.0 4.0 3.0 96.0 50.0 28.0 7.0 0.0 81.0 0.0 99.0 46.0 14.0 15.0 0.0 0.0 86.0 12.0 61.0 92.0 98.0 0.0 9.0 84.0 32.0 13.0 71.0 60.0 12.0 2.0 4.0 0.0 0.0 89.0 89.0 49.0 33.0 49.0 0.0 19.0 90.0 0.0 40.0 21.0 11.0 74.0 0.0 70.0 84.0 0.0 69.0 0.0 64.0 0.0 14.0 28.0 43.0 88.0 27.0 0.0 99.0 63.0 3787.0 36.0
51 0.0 7.0 74.0 15.0 41.0 37.0 0.0 69.0 0.0 16.0 58.0 63.0 63.0 0.0 77.0 0.0 0.0 21.0 68.0 0.0 3.0 0.0 0.0 81.0 75.0 82.0 4.0 52.0 66.0 93.0 58.0 62.0 0.0 0.0 5.0 10.0 77.0 37.0 32.0 80.0 0.0 88.0 49.0 15.0 26.0 66.0 59.0 0.0 18.0 22.0 0.0 76.0 0.0 18.0 8.0 14.0 0.0 10.0 96.0 95.0 0.0 61.0 73.0 68.0 54.0 4.0 13.0 61.0 32.0 25.0 96.0 45.0 69.0 0.0 44.0 93.0 93.0 45.0 0.0 68.0 85.0 59.0 0.0 2.0 86.0 69.0 72.0 40.0 10.0 64.0 38.0 68.0 23.0 14.0 45.0 56.0 99.0 88.0 16.0 56.0 3615.0 20.0
50 59.0 87.0 0.0 14.0 40.0 16.0 4.0 33.0 40.0 34.0 52.0 59.0 5.0 81.0 97.0 82.0 0.0 0.0 8.0 4.0 0.0 0.0 38.0 91.0 0.0 90.0 9.0 84.0 20.0 7.0 20.0 65.0 16.0 46.0 22.0 6.0 97.0 72.0 0.0 46.0 16.0 0.0 46.0 71.0 88.0 30.0 88.0 53.0 0.0 44.0 0.0 66.0 0.0 88.0 50.0 18.0 89.0 0.0 51.0 0.0 86.0 0.0 41.0 2.0 5.0 0.0 0.0 0.0 31.0 63.0 91.0 0.0 87.0 62.0 0.0 16.0 29.0 19.0 15.0 58.0 92.0 81.0 97.0 0.0 23.0 30.0 15.0 62.0 65.0 0.0 68.0 16.0 86.0 99.0 10.0 0.0 12.0 0.0 91.0 99.0 3908.0 47.0
94 44.0 55.0 0.0 35.0 24.0 75.0 68.0 2.0 64.0 36.0 0.0 20.0 5.0 0.0 25.0 83.0 45.0 0.0 29.0 5.0 67.0 45.0 88.0 94.0 39.0 42.0 68.0 81.0 0.0 0.0 86.0 69.0 85.0 6.0 51.0 34.0 88.0 69.0 84.0 42.0 69.0 0.0 70.0 52.0 78.0 0.0 0.0 0.0 0.0 10.0 100.0 45.0 26.0 59.0 54.0 95.0 40.0 86.0 97.0 0.0 0.0 20.0 89.0 5.0 0.0 56.0 32.0 36.0 0.0 37.0 62.0 37.0 0.0 45.0 0.0 38.0 40.0 78.0 98.0 0.0 0.0 97.0 12.0 36.0 0.0 94.0 7.0 70.0 46.0 14.0 23.0 86.0 3.0 42.0 61.0 25.0 25.0 78.0 0.0 0.0 4419.0 45.0
60 89.0 64.0 85.0 6.0 80.0 0.0 23.0 94.0 77.0 45.0 62.0 0.0 35.0 86.0 33.0 77.0 0.0 0.0 35.0 63.0 13.0 38.0 23.0 22.0 0.0 69.0 0.0 0.0 41.0 17.0 44.0 86.0 0.0 8.0 99.0 94.0 0.0 51.0 37.0 0.0 40.0 0.0 80.0 0.0 0.0 0.0 77.0 82.0 5.0 59.0 63.0 81.0 74.0 42.0 18.0 94.0 58.0 4.0 0.0 79.0 96.0 0.0 45.0 3.0 0.0 23.0 91.0 0.0 0.0 11.0 11.0 97.0 29.0 78.0 40.0 68.0 17.0 28.0 12.0 31.0 69.0 0.0 85.0 65.0 34.0 0.0 0.0 44.0 0.0 28.0 14.0 99.0 42.0 0.0 0.0 18.0 15.0 72.0 55.0 69.0 3931.0 44.0
66 85.0 57.0 54.0 9.0 48.0 49.0 0.0 10.0 27.0 27.0 73.0 0.0 62.0 22.0 52.0 1.0 90.0 0.0 0.0 96.0 48.0 33.0 63.0 50.0 87.0 92.0 45.0 0.0 29.0 0.0 20.0 0.0 93.0 0.0 51.0 80.0 18.0 10.0 83.0 0.0 57.0 0.0 99.0 51.0 54.0 29.0 44.0 64.0 56.0 86.0 89.0 94.0 0.0 16.0 47.0 80.0 75.0 11.0 37.0 0.0 95.0 0.0 93.0 72.0 40.0 5.0 0.0 0.0 44.0 29.0 25.0 87.0 72.0 58.0 51.0 0.0 85.0 54.0 0.0 47.0 99.0 0.0 16.0 17.0 1.0 0.0 27.0 73.0 10.0 43.0 45.0 10.0 61.0 0.0 75.0 10.0 60.0 39.0 39.0 64.0 4026.0 18.0
58 6.0 83.0 9.0 84.0 0.0 36.0 14.0 98.0 48.0 50.0 32.0 2.0 38.0 56.0 0.0 62.0 93.0 8.0 78.0 83.0 64.0 44.0 31.0 25.0 57.0 94.0 0.0 12.0 90.0 5.0 99.0 35.0 71.0 0.0 95.0 0.0 12.0 69.0 11.0 0.0 0.0 0.0 22.0 9.0 70.0 83.0 23.0 0.0 0.0 100.0 0.0 0.0 58.0 93.0 81.0 0.0 24.0 35.0 94.0 26.0 100.0 71.0 75.0 5.0 0.0 76.0 9.0 39.0 0.0 77.0 22.0 7.0 3.0 67.0 0.0 77.0 91.0 20.0 98.0 89.0 0.0 92.0 0.0 0.0 73.0 0.0 66.0 99.0 6.0 88.0 56.0 0.0 25.0 18.0 10.0 0.0 49.0 64.0 49.0 46.0 3570.0 27.0
71 1.0 49.0 91.0 5.0 96.0 92.0 58.0 0.0 74.0 74.0 59.0 24.0 14.0 0.0 90.0 0.0 52.0 65.0 12.0 42.0 46.0 27.0 67.0 0.0 14.0 73.0 38.0 3.0 13.0 96.0 97.0 0.0 19.0 0.0 65.0 36.0 79.0 96.0 36.0 93.0 0.0 81.0 65.0 0.0 41.0 0.0 16.0 42.0 16.0 40.0 15.0 72.0 63.0 68.0 67.0 91.0 98.0 0.0 0.0 64.0 59.0 42.0 82.0 50.0 0.0 1.0 60.0 0.0 98.0 9.0 87.0 0.0 0.0 72.0 27.0 96.0 0.0 8.0 0.0 12.0 0.0 94.0 54.0 0.0 79.0 63.0 57.0 0.0 89.0 27.0 99.0 12.0 25.0 15.0 60.0 49.0 8.0 0.0 96.0 60.0 4269.0 50.0
70 0.0 97.0 19.0 0.0 94.0 0.0 0.0 70.0 66.0 61.0 0.0 21.0 0.0 0.0 28.0 12.0 0.0 93.0 99.0 40.0 81.0 1.0 0.0 0.0 98.0 76.0 70.0 48.0 0.0 0.0 83.0 27.0 98.0 31.0 65.0 0.0 99.0 0.0 19.0 35.0 98.0 5.0 93.0 18.0 10.0 30.0 28.0 19.0 26.0 22.0 18.0 60.0 63.0 0.0 20.0 29.0 0.0 68.0 91.0 94.0 44.0 0.0 78.0 9.0 42.0 0.0 44.0 91.0 27.0 95.0 0.0 17.0 99.0 13.0 90.0 0.0 0.0 93.0 17.0 95.0 55.0 0.0 0.0 10.0 0.0 75.0 4.0 77.0 0.0 0.0 88.0 0.0 78.0 72.0 39.0 64.0 0.0 4.0 0.0 0.0 4495.0 25.0
77 74.0 63.0 76.0 39.0 20.0 8.0 100.0 0.0 100.0 0.0 29.0 0.0 0.0 0.0 0.0 70.0 0.0 88.0 0.0 0.0 83.0 67.0 8.0 14.0 69.0 0.0 84.0 0.0 0.0 14.0 2.0 0.0 33.0 0.0 76.0 43.0 13.0 83.0 40.0 42.0 0.0 41.0 39.0 90.0 75.0 0.0 50.0 43.0 33.0 85.0 0.0 0.0 82.0 41.0 50.0 28.0 0.0 67.0 48.0 0.0 98.0 0.0 50.0 28.0 65.0 67.0 88.0 31.0 0.0 8.0 98.0 73.0 0.0 48.0 27.0 63.0 0.0 31.0 93.0 2.0 46.0 76.0 0.0 0.0 37.0 0.0 69.0 54.0 53.0 99.0 16.0 91.0 0.0 55.0 39.0 49.0 96.0 0.0 100.0 24.0 3454.0 31.0
82 28.0 98.0 2.0 51.0 0.0 0.0 0.0 83.0 0.0 88.0 30.0 94.0 36.0 96.0 0.0 1.0 17.0 28.0 62.0 0.0 94.0 9.0 24.0 0.0 39.0 0.0 0.0 81.0 69.0 44.0 89.0 40.0 0.0 0.0 56.0 45.0 20.0 79.0 22.0 42.0 48.0 0.0 0.0 25.0 0.0 0.0 75.0 18.0 51.0 73.0 38.0 36.0 83.0 45.0 85.0 88.0 0.0 96.0 0.0 95.0 77.0 0.0 0.0 83.0 0.0 65.0 27.0 64.0 76.0 40.0 30.0 56.0 73.0 72.0 0.0 9.0 0.0 73.0 85.0 72.0 0.0 63.0 9.0 26.0 0.0 0.0 68.0 26.0 63.0 63.0 56.0 99.0 0.0 69.0 64.0 46.0 60.0 0.0 24.0 78.0 3953.0 4.0
100 3263.0 3982.0 4242.0 4207.0 4103.0 3975.0 3246.0 3692.0 3896.0 3603.0 3573.0 3824.0 3927.0 3767.0 4141.0 3259.0 4015.0 3109.0 3926.0 3483.0 4088.0 3823.0 3802.0 3680.0 4156.0 3988.0 4277.0 3788.0 3933.0 3798.0 3944.0 3656.0 4107.0 3909.0 3650.0 3871.0 4280.0 3913.0 3420.0 4125.0 3396.0 3927.0 3936.0 3467.0 3952.0 3644.0 3896.0 4309.0 3813.0 4346.0 3793.0 4020.0 3308.0 3645.0 4013.0 3685.0 3921.0 4062.0 4079.0 4119.0 3841.0 3758.0 3351.0 3568.0 3644.0 3177.0 4099.0 3164.0 3789.0 3918.0 3743.0 4225.0 3772.0 3616.0 3697.0 3689.0 3508.0 3884.0 3637.0 3145.0 3691.0 4223.0 4039.0 3530.0 3267.0 3028.0 4132.0 4259.0 3325.0 3787.0 3615.0 3908.0 4419.0 3931.0 4026.0 3570.0 4269.0 4495.0 3454.0 3953.0 0.0 
