----------------------------------------------------------.
Numero Intentos:10
NPI: Numero iteraciones promedio.
TP: Tiempo Promedio.
TE: Tasa de exito.
DPR: Desviación porcentual relativa.
----------------------------------------------------------.
FUNCION             |ALGORITMO                     |DIMENSION |NPI     |TE      |MEJOR OPTIMO  |PROM OPTIMOS|DPR     |TP        |EVALUACIONES   

####----Nombre archivo: jeu_100_75_1.txt----

FVNS                |SGVNS-Int[5]                  | 100      |1,000000|1,000000|189137,00     |189137,00   |0,000000|208,00    |0,000000       
FVNS                |SGVNS-Int[10]                 | 100      |1,000000|1,000000|189137,00     |189137,00   |0,000000|205,00    |0,000000       
FVNS                |SGVNS-Int[7]                  | 100      |1,000000|1,000000|189137,00     |189137,00   |0,000000|202,00    |0,000000       
FVNS                |SGVNS-Int[20]                 | 100      |1,000000|1,000000|189137,00     |189137,00   |0,000000|200,00    |0,000000       
FVNS                |SGVNS-Martha-Int[20]          | 100      |1,000000|1,000000|189137,00     |189137,00   |0,000000|195,00    |0,000000       
FVNS                |SGVNS-juan-Int[5]             | 100      |1,000000|1,000000|189137,00     |189137,00   |0,000000|194,00    |0,000000       
FVNS                |SGVNS-juan-Int[10]            | 100      |1,000000|1,000000|189137,00     |189137,00   |0,000000|192,00    |0,000000       
FVNS                |SGVNS-juan-Int[7]             | 100      |1,000000|1,000000|189137,00     |189137,00   |0,000000|190,00    |0,000000       
FVNS                |SGVNS-juan-Int[12]            | 100      |1,000000|1,000000|189137,00     |189137,00   |0,000000|187,00    |0,000000       

####----Nombre archivo: jeu_100_50_1.txt----

FVNS                |SGVNS-Int[5]                  | 100      |20,00   |0,100000|83742,00      |83439,50    |0,361229|2391,00   |0,000000       
FVNS                |SGVNS-Int[10]                 | 100      |20,00   |0,300000|83742,00      |83552,90    |0,225813|2836,00   |0,000000       
FVNS                |SGVNS-Int[7]                  | 100      |20,00   |0,400000|83742,00      |83527,70    |0,255905|2764,00   |0,000000       
FVNS                |SGVNS-Int[20]                 | 100      |20,00   |0,200000|83742,00      |83477,10    |0,316329|3829,00   |0,000000       
FVNS                |SGVNS-Martha-Int[20]          | 100      |140,00  |0,400000|83742,00      |83554,10    |0,224380|4119,00   |0,000000       
FVNS                |SGVNS-juan-Int[5]             | 100      |40,00   |0,200000|83742,00      |83505,40    |0,282534|4557,00   |0,000000       
FVNS                |SGVNS-juan-Int[10]            | 100      |40,00   |0,400000|83742,00      |83598,50    |0,171360|4777,00   |0,000000       
FVNS                |SGVNS-juan-Int[7]             | 100      |40,00   |0,300000|83742,00      |83572,40    |0,202527|4548,00   |0,000000       
FVNS                |SGVNS-juan-Int[12]            | 100      |40,00   |0,800000|83742,00      |83691,40    |0,060424|4619,00   |0,000000       

----Nombre archivo: jeu_100_50_2.txt----

FVNS                |SGVNS-Int[5]                  | 100      |20,00   |0,500000|104856,00     |104773,80   |0,078393|2085,00   |0,000000       
FVNS                |SGVNS-Int[10]                 | 100      |20,00   |0,100000|104856,00     |104749,50   |0,101568|2834,00   |0,000000       
FVNS                |SGVNS-Int[7]                  | 100      |20,00   |0,000000|104781,00     |104715,60   |0,133898|2576,00   |0,000000       
FVNS                |SGVNS-Int[20]                 | 100      |20,00   |0,200000|104856,00     |104753,50   |0,097753|3584,00   |0,000000       
FVNS                |SGVNS-Martha-Int[20]          | 100      |140,00  |0,200000|104856,00     |104749,50   |0,101568|4055,00   |0,000000       
FVNS                |SGVNS-juan-Int[5]             | 100      |40,00   |0,400000|104856,00     |104789,10   |0,063802|4313,00   |0,000000       
FVNS                |SGVNS-juan-Int[10]            | 100      |40,00   |0,300000|104856,00     |104805,70   |0,047971|4638,00   |0,000000       
FVNS                |SGVNS-juan-Int[7]             | 100      |40,00   |0,200000|104856,00     |104785,40   |0,067330|4606,00   |0,000000       
FVNS                |SGVNS-juan-Int[12]            | 100      |40,00   |0,200000|104856,00     |104797,10   |0,056172|4670,00   |0,000000       

----Nombre archivo: jeu_100_50_3.txt----

FVNS                |SGVNS-Int[5]                  | 100      |20,00   |0,000000|33948,00      |33915,80    |0,265247|2434,00   |0,000000       
FVNS                |SGVNS-Int[10]                 | 100      |20,00   |0,000000|33948,00      |33923,70    |0,242016|2949,00   |0,000000       
FVNS                |SGVNS-Int[7]                  | 100      |20,00   |0,000000|33948,00      |33926,00    |0,235253|2712,00   |0,000000       
FVNS                |SGVNS-Int[20]                 | 100      |20,00   |0,100000|34006,00      |33940,90    |0,191437|3780,00   |0,000000       
FVNS                |SGVNS-Martha-Int[20]          | 100      |140,00  |0,000000|33902,00      |33902,00    |0,305828|4661,00   |0,000000       
FVNS                |SGVNS-juan-Int[5]             | 100      |40,00   |0,300000|34006,00      |33957,10    |0,143798|4118,00   |0,000000       
FVNS                |SGVNS-juan-Int[10]            | 100      |40,00   |0,400000|34006,00      |33969,40    |0,107628|4638,00   |0,000000       
FVNS                |SGVNS-juan-Int[7]             | 100      |40,00   |0,300000|34006,00      |33959,00    |0,138211|4530,00   |0,000000       
FVNS                |SGVNS-juan-Int[12]            | 100      |40,00   |0,300000|34006,00      |33951,60    |0,159972|4622,00   |0,000000       

----Nombre archivo: jeu_100_50_4.txt----

FVNS                |SGVNS-Int[5]                  | 100      |20,00   |0,900000|105996,00     |105984,30   |0,011038|2260,00   |0,000000       
FVNS                |SGVNS-Int[10]                 | 100      |20,00   |0,900000|105996,00     |105984,00   |0,011321|2736,00   |0,000000       
FVNS                |SGVNS-Int[7]                  | 100      |20,00   |0,600000|105996,00     |105948,60   |0,044719|2560,00   |0,000000       
FVNS                |SGVNS-Int[20]                 | 100      |20,00   |1,000000|105996,00     |105996,00   |0,000000|3838,00   |0,000000       
FVNS                |SGVNS-Martha-Int[20]          | 100      |140,00  |1,000000|105996,00     |105996,00   |0,000000|4649,00   |0,000000       
FVNS                |SGVNS-juan-Int[5]             | 100      |40,00   |1,000000|105996,00     |105996,00   |0,000000|4645,00   |0,000000       
FVNS                |SGVNS-juan-Int[10]            | 100      |40,00   |1,000000|105996,00     |105996,00   |0,000000|4710,00   |0,000000       
FVNS                |SGVNS-juan-Int[7]             | 100      |40,00   |1,000000|105996,00     |105996,00   |0,000000|4741,00   |0,000000       
FVNS                |SGVNS-juan-Int[12]            | 100      |40,00   |1,000000|105996,00     |105996,00   |0,000000|4743,00   |0,000000       

----Nombre archivo: jeu_100_50_5.txt----

FVNS                |SGVNS-Int[5]                  | 100      |20,00   |0,900000|56464,00      |56462,80    |0,002125|2054,00   |0,000000       
FVNS                |SGVNS-Int[10]                 | 100      |20,00   |0,900000|56464,00      |56458,50    |0,009741|2992,00   |0,000000       
FVNS                |SGVNS-Int[7]                  | 100      |20,00   |1,000000|56464,00      |56464,00    |0,000000|2516,00   |0,000000       
FVNS                |SGVNS-Int[20]                 | 100      |20,00   |1,000000|56464,00      |56464,00    |0,000000|3783,00   |0,000000       
FVNS                |SGVNS-Martha-Int[20]          | 100      |140,00  |0,900000|56464,00      |56458,50    |0,009741|4206,00   |0,000000       
FVNS                |SGVNS-juan-Int[5]             | 100      |40,00   |0,900000|56464,00      |56458,90    |0,009032|4165,00   |0,000000       
FVNS                |SGVNS-juan-Int[10]            | 100      |40,00   |0,800000|56464,00      |56453,00    |0,019481|4750,00   |0,000000       
FVNS                |SGVNS-juan-Int[7]             | 100      |40,00   |0,900000|56464,00      |56458,50    |0,009741|4411,00   |0,000000       
FVNS                |SGVNS-juan-Int[12]            | 100      |40,00   |0,800000|56464,00      |56451,90    |0,021430|4671,00   |0,000000       

----Nombre archivo: jeu_100_50_6.txt----

FVNS                |SGVNS-Int[5]                  | 100      |20,00   |1,000000|16083,00      |16083,00    |0,000000|2368,00   |0,000000       
FVNS                |SGVNS-Int[10]                 | 100      |20,00   |0,900000|16083,00      |16079,60    |0,021140|3026,00   |0,000000       
FVNS                |SGVNS-Int[7]                  | 100      |20,00   |1,000000|16083,00      |16083,00    |0,000000|2752,00   |0,000000       
FVNS                |SGVNS-Int[20]                 | 100      |20,00   |1,000000|16083,00      |16083,00    |0,000000|3896,00   |0,000000       
FVNS                |SGVNS-Martha-Int[20]          | 100      |140,00  |1,000000|16083,00      |16083,00    |0,000000|4270,00   |0,000000       
FVNS                |SGVNS-juan-Int[5]             | 100      |40,00   |1,000000|16083,00      |16083,00    |0,000000|4632,00   |0,000000       
FVNS                |SGVNS-juan-Int[10]            | 100      |40,00   |1,000000|16083,00      |16083,00    |0,000000|4741,00   |0,000000       
FVNS                |SGVNS-juan-Int[7]             | 100      |40,00   |1,000000|16083,00      |16083,00    |0,000000|4714,00   |0,000000       
FVNS                |SGVNS-juan-Int[12]            | 100      |40,00   |1,000000|16083,00      |16083,00    |0,000000|4710,00   |0,000000       

----Nombre archivo: jeu_100_50_7.txt----

FVNS                |SGVNS-Int[5]                  | 100      |20,00   |0,200000|52819,00      |52771,80    |0,089362|2343,00   |0,000000       
FVNS                |SGVNS-Int[10]                 | 100      |20,00   |0,100000|52819,00      |52752,30    |0,126280|2811,00   |0,000000       
FVNS                |SGVNS-Int[7]                  | 100      |20,00   |0,200000|52819,00      |52782,20    |0,069672|2451,00   |0,000000       
FVNS                |SGVNS-Int[20]                 | 100      |20,00   |0,300000|52819,00      |52800,50    |0,035025|3450,00   |0,000000       
FVNS                |SGVNS-Martha-Int[20]          | 100      |140,00  |0,600000|52819,00      |52794,80    |0,045817|4082,00   |0,000000       
FVNS                |SGVNS-juan-Int[5]             | 100      |40,00   |0,300000|52819,00      |52801,50    |0,033132|4119,00   |0,000000       
FVNS                |SGVNS-juan-Int[10]            | 100      |40,00   |0,400000|52819,00      |52803,00    |0,030292|4636,00   |0,000000       
FVNS                |SGVNS-juan-Int[7]             | 100      |40,00   |0,500000|52819,00      |52806,50    |0,023666|4258,00   |0,000000       
FVNS                |SGVNS-juan-Int[12]            | 100      |40,00   |0,700000|52819,00      |52810,50    |0,016093|4592,00   |0,000000       

----Nombre archivo: jeu_100_50_8.txt----

FVNS                |SGVNS-Int[5]                  | 100      |20,00   |0,600000|54246,00      |54210,60    |0,065258|2065,00   |0,000000       
FVNS                |SGVNS-Int[10]                 | 100      |20,00   |0,300000|54246,00      |54182,90    |0,116322|2763,00   |0,000000       
FVNS                |SGVNS-Int[7]                  | 100      |20,00   |0,300000|54246,00      |54153,30    |0,170888|2424,00   |0,000000       
FVNS                |SGVNS-Int[20]                 | 100      |20,00   |0,600000|54246,00      |54225,80    |0,037238|3657,00   |0,000000       
FVNS                |SGVNS-Martha-Int[20]          | 100      |140,00  |0,700000|54246,00      |54230,20    |0,029127|4061,00   |0,000000       
FVNS                |SGVNS-juan-Int[5]             | 100      |40,00   |0,800000|54246,00      |54226,70    |0,035579|4204,00   |0,000000       
FVNS                |SGVNS-juan-Int[10]            | 100      |40,00   |0,800000|54246,00      |54238,40    |0,014010|4509,00   |0,000000       
FVNS                |SGVNS-juan-Int[7]             | 100      |40,00   |0,400000|54246,00      |54202,90    |0,079453|4288,00   |0,000000       
FVNS                |SGVNS-juan-Int[12]            | 100      |40,00   |0,700000|54246,00      |54214,30    |0,058437|4539,00   |0,000000       

----Nombre archivo: jeu_100_50_9.txt----

FVNS                |SGVNS-Int[5]                  | 100      |1,000000|1,000000|68974,00      |68974,00    |0,000000|101,00    |0,000000       
FVNS                |SGVNS-Int[10]                 | 100      |1,000000|1,000000|68974,00      |68974,00    |0,000000|99,00     |0,000000       
FVNS                |SGVNS-Int[7]                  | 100      |1,000000|1,000000|68974,00      |68974,00    |0,000000|96,00     |0,000000       
FVNS                |SGVNS-Int[20]                 | 100      |1,000000|1,000000|68974,00      |68974,00    |0,000000|92,00     |0,000000       
FVNS                |SGVNS-Martha-Int[20]          | 100      |1,000000|1,000000|68974,00      |68974,00    |0,000000|88,00     |0,000000       
FVNS                |SGVNS-juan-Int[5]             | 100      |1,000000|1,000000|68974,00      |68974,00    |0,000000|84,00     |0,000000       
FVNS                |SGVNS-juan-Int[10]            | 100      |1,000000|1,000000|68974,00      |68974,00    |0,000000|79,00     |0,000000       
FVNS                |SGVNS-juan-Int[7]             | 100      |1,000000|1,000000|68974,00      |68974,00    |0,000000|77,00     |0,000000       
FVNS                |SGVNS-juan-Int[12]            | 100      |1,000000|1,000000|68974,00      |68974,00    |0,000000|72,00     |0,000000       

----Nombre archivo: jeu_100_50_10.txt----

FVNS                |SGVNS-Int[5]                  | 100      |20,00   |0,300000|88634,00      |88525,80    |0,122075|2362,00   |0,000000       
FVNS                |SGVNS-Int[10]                 | 100      |20,00   |0,000000|88600,00      |88527,90    |0,119706|2835,00   |0,000000       
FVNS                |SGVNS-Int[7]                  | 100      |20,00   |0,100000|88634,00      |88531,50    |0,115644|2571,00   |0,000000       
FVNS                |SGVNS-Int[20]                 | 100      |20,00   |0,200000|88634,00      |88550,30    |0,094433|3555,00   |0,000000       
FVNS                |SGVNS-Martha-Int[20]          | 100      |140,00  |0,100000|88634,00      |88556,90    |0,086987|4057,00   |0,000000       
FVNS                |SGVNS-juan-Int[5]             | 100      |40,00   |0,200000|88634,00      |88579,10    |0,061940|4264,00   |0,000000       
FVNS                |SGVNS-juan-Int[10]            | 100      |40,00   |0,600000|88634,00      |88611,60    |0,025272|4608,00   |0,000000       
FVNS                |SGVNS-juan-Int[7]             | 100      |40,00   |0,200000|88634,00      |88595,30    |0,043663|4468,00   |0,000000       
FVNS                |SGVNS-juan-Int[12]            | 100      |40,00   |0,300000|88634,00      |88601,50    |0,036668|4609,00   |0,000000       

--------------------RESUMEN-----------------Algoritmo[SGVNS-Int[5]]
aciertos:59,09%
desviacion:0,090430
tiempo promedio:1879,18ms
-----------
Algoritmo[SGVNS-Int[10]]
aciertos:50,00%
desviacion:0,088537
tiempo promedio:2371,45ms
-----------
Algoritmo[SGVNS-Int[7]]
aciertos:50,91%
desviacion:0,093271
tiempo promedio:2147,64ms
-----------
Algoritmo[SGVNS-Int[20]]
aciertos:60,00%
desviacion:0,070201
tiempo promedio:3060,36ms
-----------
Algoritmo[SGVNS-Martha-Int[20]]
aciertos:62,73%
desviacion:0,073041
tiempo promedio:3494,82ms
-----------
Algoritmo[SGVNS-juan-Int[5]]
aciertos:64,55%
desviacion:0,057256
tiempo promedio:3572,27ms
-----------
Algoritmo[SGVNS-juan-Int[10]]
aciertos:70,00%
desviacion:0,037820
tiempo promedio:3843,45ms
-----------
Algoritmo[SGVNS-juan-Int[7]]
aciertos:61,82%
desviacion:0,051326
tiempo promedio:3711,91ms
-----------
Algoritmo[SGVNS-juan-Int[12]]
aciertos:70,91%
desviacion:0,037200
tiempo promedio:3821,27ms
-----------

