67 80 985
3 48 330
92 41 857
10 134 784
8 97 517
71 122 852
12 163 759
30 212 965
64 98 600
199 22 804
147 106 916
96 130 775
5 167 573
82 31 366
8 238 792
5 107 347
220 57 852
92 133 692
272 24 875
209 109 934
103 126 661
92 149 662
127 98 614
9 56 177
216 149 987
21 173 523
186 169 943
6 297 774
42 261 772
105 108 540
151 15 418
5 140 363
56 275 770
230 139 819
107 216 712
177 231 898
105 325 928
142 310 943
379 13 815
224 100 663
40 251 571
3 487 944
8 228 451
186 95 532
136 196 623
37 452 909
41 455 918
37 341 674
43 306 621
320 3 572
156 316 832
128 126 444
211 197 710
234 306 927
237 337 972
531 4 900
352 80 718
43 150 318
53 458 839
271 90 592
134 301 710
485 10 807
18 531 894
238 308 888
60 455 836
2 588 948
158 423 921
533 65 942
148 313 725
427 184 952
319 134 703
83 366 696
155 97 390
348 14 554
537 102 977
498 118 938
129 416 827
264 276 809
280 238 773
232 334 839
400 165 836
74 320 581
574 28 876
462 167 900
384 302 969
221 476 977
182 385 791
182 334 719
369 120 681
503 129 879
461 141 837
191 91 392
303 166 651
233 172 562
336 182 718
147 445 815
136 356 677
64 72 187
250 427 930
441 224 900
420 222 868
31 631 895
363 77 586
426 265 914
430 205 824
20 253 354
251 242 638
352 279 816
30 680 917
228 224 577
102 633 932
523 130 819
140 609 931
285 66 436
82 398 594
266 308 708
320 39 441
220 589 989
387 140 639
440 176 746
366 250 745
258 155 499
390 58 541
151 349 602
101 644 893
190 340 633
170 624 947
155 670 983
169 593 903
228 577 953
275 479 892
308 375 808
65 214 327
589 18 703
168 336 582
625 14 735
57 579 730
521 273 908
389 280 765
356 380 838
247 448 790
319 540 975
486 245 826
64 660 813
365 35 447
625 91 795
318 224 599
432 357 871
306 40 381
285 236 571
385 259 705
395 483 953
226 641 940
866 40 981
425 447 941
386 488 937
260 313 614
653 58 761
211 202 442
192 677 926
304 631 993
140 443 619
779 147 981
127 125 265
26 621 680
300 361 693
546 58 631
412 51 482
196 450 671
92 322 430
387 544 962
561 361 952
143 833 997
351 4 362
648 259 922
803 156 974
285 224 515
470 132 608
420 529 957
262 135 399
351 532 886
734 181 915
293 483 776
127 284 411
277 26 300
491 293 776
185 586 757
9 571 568
154 567 706
115 859 952
496 210 690
427 105 518
74 679 731
86 719 780
319 476 767
470 556 984
716 10 696
83 869 912
160 366 503
516 522 989
47 857 860
13 847 815
355 516 824
834 97 879
125 624 706
916 2 861
134 922 988
282 713 926
347 714 985
74 639 655
477 592 980
629 433 973
730 140 795
870 71 858
173 869 947
278 362 579
54 494 495
180 593 698
907 138 942
227 760 889
101 861 865
427 414 754
700 365 953
359 459 729
154 708 768
405 485 790
284 443 645
4 253 228
176 614 700
803 1 712
620 213 737
214 887 973
738 204 832
960 123 952
254 845 961
415 405 717
234 631 755
838 41 767
648 317 841
743 126 756
624 51 584
65 935 863
53 463 445
866 95 828
980 16 854
813 103 781
585 258 718
269 771 885
217 567 667
280 492 656
609 99 600
495 357 721
97 272 312
344 760 933
51 472 441
376 578 801
224 966 994
21 580 502
674 193 724
57 777 694
292 879 969
84 415 412
517 594 915
213 705 753
894 105 819
289 343 518
394 91 396
125 874 815
158 866 835
136 366 409
661 327 803
374 707 878
722 442 944
583 65 523
759 103 695
176 535 573
365 520 708
122 461 466
562 630 951
397 619 810
305 918 973
309 548 681
75 771 671
736 423 918
787 163 752
260 624 696
566 513 849
304 523 649
881 145 805
58 885 738
745 143 693
321 798 873
603 110 554
443 670 864
644 549 925
615 343 742
456 574 797
559 581 882
715 478 922
84 391 367
389 644 797
94 208 233
311 417 560
463 402 663
629 278 695
924 18 721
108 659 586
974 26 764
442 401 644
466 332 609
413 874 981
881 359 936
317 404 544
439 879 994
402 217 466
258 772 775
286 881 877
973 205 885
457 791 935
449 675 842
633 279 683
314 333 483
877 374 932
541 529 795
657 640 963
887 403 956
243 370 453
904 433 988
621 375 735
238 954 877
995 283 940
299 571 638
622 607 901
730 15 545
24 990 741
820 72 651
297 323 452
265 922 862
376 869 904
504 591 791
910 109 736
147 785 673
118 924 750
51 997 752
363 881 888
809 11 585
508 357 617
412 387 569
50 970 723
443 943 981
298 716 714
925 431 953
320 504 578
162 322 338
440 966 977
474 261 510
398 854 868
319 686 696
843 516 941
116 823 648
441 680 772
826 200 706
571 475 718
404 580 673
675 200 598
392 965 927
163 54 148
27 724 510
636 157 532
371 370 495
145 817 641
332 580 607
455 570 682
3 544 363
36 715 498
661 497 766
633 533 771
732 320 695
143 713 563
214 522 484
657 507 764
467 151 405
731 589 865
921 543 959
548 854 916
507 837 876
379 938 858
290 790 699
646 175 531
146 657 519
998 357 874
453 914 881
891 549 926
508 660 750
498 230 467
652 804 933
727 410 728
971 165 727
974 452 912
238 697 597
412 777 757
568 991 991
60 675 467
387 251 405
814 379 757
718 544 798
77 924 629
559 789 847
543 517 664
637 157 497
183 705 554
537 922 909
433 875 813
306 945 777
888 611 931
476 337 504
870 649 941
308 419 450
927 406 825
387 959 831
964 599 964
585 813 862
222 269 302
332 964 797
402 388 485
409 750 709
43 628 410
887 419 797
729 586 802
703 722 869
511 941 884
986 315 791
967 443 857
574 333 551
888 344 747
669 629 786
803 764 948
338 985 800
403 323 439
841 91 563
890 307 721
735 50 472
187 976 699
637 705 806
788 786 945
367 382 449
958 167 674
207 498 420
507 904 839
582 76 391
746 496 738
511 183 412
981 138 663
792 438 726
790 343 668
440 993 843
540 894 843
626 932 911
309 451 444
415 90 295
324 851 683
113 678 459
223 751 565
117 893 583
383 817 692
984 720 982
329 990 759
865 874 999
221 382 346
731 938 957
465 347 465
536 459 568
519 698 693
776 943 978
525 830 769
768 357 635
380 997 777
952 542 842
807 822 918
914 94 568
934 421 761
624 282 508
835 552 775
842 229 595
132 760 495
489 728 673
429 675 610
852 193 577
850 746 880
312 678 545
297 772 587
322 589 499
593 90 374
846 929 970
410 634 570
624 438 579
99 178 151
232 568 435
255 509 414
26 673 378
355 761 603
887 571 786
651 312 518
857 723 848
814 92 486
748 834 847
173 789 513
892 754 877
920 550 780
490 944 760
243 704 501
406 979 728
293 450 389
352 866 637
580 655 645
699 814 790
970 664 853
686 306 517
628 773 730
378 233 318
854 458 681
638 768 729
403 460 447
730 578 675
864 873 896
352 798 591
361 611 498
646 548 609
458 490 483
321 750 545
435 73 258
358 533 452
312 889 609
393 887 649
861 537 708
511 663 594
667 804 744
849 611 738
905 977 951
126 96 112
236 839 542
954 932 948
156 511 335
301 416 360
967 921 946
765 502 634
236 432 334
648 936 789
739 204 469
844 469 653
962 108 532
724 843 779
791 177 481
976 622 793
700 894 790
789 646 711
182 816 494
829 382 599
338 347 338
832 1 411
915 482 689
312 635 467
818 270 536
114 587 345
479 249 358
59 798 421
327 665 487
239 256 243
369 947 646
61 374 213
912 463 673
545 999 755
423 773 582
805 928 843
699 763 710
770 840 779
173 605 376
246 424 323
963 799 848
29 341 177
76 60 65
866 720 758
422 860 612
595 352 451
504 994 709
148 140 136
653 758 664
808 537 632
641 949 745
484 436 429
781 84 403
558 206 355
135 460 276
989 788 820
235 942 543
755 380 522
432 273 324
577 527 507
616 388 461
753 369 515
327 859 544
564 937 688
238 930 535
775 891 757
553 743 588
704 672 624
822 110 422
565 998 707
606 974 712
884 124 453
65 848 408
957 318 569
369 886 560
120 604 323
571 759 592
548 965 673
516 634 511
497 666 515
868 879 772
163 836 441
403 782 522
910 178 478
501 837 584
241 806 456
79 935 441
840 402 540
925 630 673
621 517 492
430 8 189
658 488 493
306 315 267
349 177 226
354 866 524
333 994 569
691 304 426
72 522 253
624 789 601
783 269 447
987 759 738
879 240 470
732 491 513
673 371 437
186 782 405
621 837 610
501 856 567
604 992 666
848 379 511
566 825 578
413 615 426
209 653 357
300 694 411
547 582 466
360 582 388
455 667 461
953 265 499
295 958 513
366 617 402
662 399 432
750 861 655
292 996 523
920 965 765
602 858 592
776 867 662
547 689 498
303 888 479
605 510 448
649 418 427
191 530 288
251 527 310
690 740 568
168 472 254
633 695 526
929 312 491
481 678 458
765 875 642
66 177 95
290 787 420
719 632 524
918 475 540
51 681 283
930 408 517
457 598 407
505 724 473
494 842 513
274 975 479
861 959 689
280 435 270
953 738 638
756 773 576
268 895 438
989 281 477
356 776 424
660 989 616
434 848 478
614 33 241
497 972 547
700 421 415
371 892 466
806 564 502
846 497 489
830 365 434
898 885 647
807 230 376
483 373 309
792 327 403
521 257 280
648 644 463
746 973 614
639 479 399
339 751 389
782 999 634
993 211 428
174 664 296
490 548 366
532 904 506
938 745 593
976 570 541
648 887 537
271 945 425
502 279 272
452 868 458
692 972 577
351 953 452
647 404 364
111 236 120
112 377 168
890 917 620
912 502 485
201 926 386
630 836 502
788 202 337
479 709 404
990 29 346
109 363 160
615 762 465
491 982 496
335 405 249
615 379 333
372 504 293
660 957 539
986 614 530
426 759 391
64 809 287
251 586 275
16 931 311
964 887 605
675 220 292
275 477 245
863 669 498
788 872 539
969 735 550
30 919 306
855 559 455
151 835 316
595 143 236
730 440 373
639 880 483
503 775 406
656 116 245
983 593 500
758 245 317
990 516 475
425 850 402
277 120 125
887 780 522
733 709 450
519 384 281
11 243 79
967 914 585
731 708 447
652 783 445
570 476 324
989 584 487
748 632 426
800 572 423
579 859 442
803 373 361
341 921 385
730 985 518
887 1 268
925 540 442
154 989 344
572 765 402
407 595 301
803 225 306
940 289 363
778 536 388
420 464 261
793 912 503
617 131 220
837 45 259
974 419 406
567 555 327
927 680 468
696 93 229
595 543 323
391 753 323
755 748 424
868 204 301
591 278 243
249 159 114
567 853 396
844 242 302
983 691 465
843 290 314
657 145 222
593 781 379
813 26 231
743 937 460
245 33 76
763 954 468
287 881 316
683 907 429
812 535 360
162 668 219
446 621 281
490 151 168
619 711 348
201 48 65
681 791 384
47 390 114
934 970 495
554 570 292
144 248 101
223 570 204
612 529 293
987 523 387
379 241 158
108 884 252
511 765 324
423 689 282
639 562 304
289 868 292
318 921 311
475 876 339
649 324 244
871 756 406
409 623 256
861 712 389
938 551 368
264 727 243
172 536 172
549 738 311
63 911 234
728 943 399
542 628 279
993 954 463
702 890 378
152 564 170
656 672 315
862 322 277
745 671 331
726 970 392
587 309 207
145 930 246
918 318 282
882 547 324
575 364 210
351 879 275
769 618 310
624 232 191
820 828 367
356 8 81
742 133 194
901 667 347
862 882 383
177 650 181
677 380 231
540 25 123
818 710 331
869 996 404
930 742 360
318 968 276
143 174 67
86 798 185
682 701 289
349 574 190
671 544 247
258 889 233
849 998 373
445 883 268
879 330 241
324 660 196
288 767 210
428 579 200
294 987 254
739 693 282
985 229 239
771 169 185
277 508 154
23 719 145
667 239 177
458 106 109
822 472 248
864 86 182
514 552 203
729 548 242
722 335 200
333 890 231
629 514 214
895 564 273
513 971 277
637 346 182
312 939 230
620 379 182
923 989 348
529 249 141
549 416 174
276 473 135
681 867 278
263 846 199
560 751 234
948 731 296
941 799 301
744 754 258
437 51 84
982 436 243
776 540 223
843 412 212
195 242 73
494 829 221
75 512 98
992 655 274
182 702 147
977 47 169
874 861 282
657 995 268
655 719 219
622 924 245
604 487 172
869 400 198
520 115 99
712 225 146
918 326 189
816 220 157
985 79 160
755 597 203
313 825 167
904 449 198
347 786 161
554 461 144
768 958 239
324 727 144
243 483 99
246 233 64
620 474 145
601 948 203
308 726 134
861 567 185
729 544 160
760 11 96
794 528 162
876 386 154
957 826 214
925 468 167
582 440 122
578 772 160
798 395 140
498 886 162
839 455 151
755 679 165
190 481 77
795 115 102
823 806 181
760 914 184
493 346 92
429 283 78
609 913 165
658 565 132
701 96 86
394 311 76
695 898 170
792 726 159
192 811 104
703 412 115
987 62 108
72 767 86
849 205 108
941 680 165
918 299 123
918 458 139
650 888 153
102 864 95
267 723 96
781 866 155
534 46 54
99 623 67
306 509 75
416 776 106
628 636 112
493 983 130
472 165 56
362 598 84
124 851 83
55 51 9
747 889 136
505 1 42
410 781 98
673 198 71
749 696 117
424 475 71
846 97 74
15 700 56
211 207 32
326 374 53
318 515 63
718 690 105
821 78 67
867 232 80
806 475 93
970 659 117
708 649 97
398 205 43
843 883 123
112 837 65
105 789 60
785 664 97
453 530 65
306 908 80
941 943 124
610 442 68
710 283 64
777 841 104
546 5 34
414 382 49
775 225 61
445 411 52
234 394 37
427 100 31
551 783 77
953 859 101
372 615 55
289 837 62
151 176 18
441 651 60
998 730 94
451 101 30
724 808 81
949 206 61
211 360 30
829 600 75
932 29 50
817 149 50
490 504 51
997 925 98
552 760 66
865 699 76
883 982 89
263 158 20
161 764 41
726 671 59
996 175 49
402 810 47
413 907 49
8 992 37
966 526 55
825 73 33
124 708 29
553 658 42
499 778 43
917 440 45
997 31 33
858 602 46
852 786 49
818 803 48
974 493 39
964 553 40
945 911 44
927 518 34
937 437 32
694 498 27
882 469 30
791 143 20
474 766 25
508 947 28
943 766 27
778 866 21
848 855 19
834 872 19
661 936 17
537 152 7
330 769 11
443 841 11
647 915 12
604 154 5
458 517 5
40 415 2
847 925 7
713 85 3
822 666 1
50000 30500 
