----------------------------------------------------------.
Numero Intentos:100
NPI: Numero iteraciones promedio.
TP: Tiempo Promedio.
TE: Tasa de exito.
DPR: Desviación porcentual relativa.
----------------------------------------------------------.
NOMBRE              |FUNCION             |ALGORITMO                     |DIMENSION |NPI     |TE      |MEJOR OPTIMO  |PROM OPTIMOS|DPR     |TP        |EVALUACIONES

#====================================================================================================|6172407.0

1000_25_1.txt       |Cuadratica          |IHEAIHEA                      |1000      |96,00   |0,920000|6172407,00    |6172395,85  |0,000181|69779,00  |0,000000
1000_25_1.txt       |Cuadratica          |IHEAIHEA_M                    |1000      |96,00   |0,190000|6172407,00    |6166186,92  |0,100772|19273,00  |0,000000
1000_25_1.txt       |Cuadratica          |IHEAIHEA_A                    |1000      |96,00   |0,060000|6172407,00    |6165252,48  |0,115911|20938,00  |0,000000


#====================================================================================================|229941.0

1000_25_2.txt       |Cuadratica          |IHEAIHEA                      |1000      |96,00   |0,780000|229941,00     |229931,32   |0,004210|92430,00  |0,000000
1000_25_2.txt       |Cuadratica          |IHEAIHEA_M                    |1000      |96,00   |0,700000|229941,00     |229924,02   |0,007385|15323,00  |0,000000
1000_25_2.txt       |Cuadratica          |IHEAIHEA_A                    |1000      |96,00   |0,740000|229941,00     |229926,18   |0,006445|16668,00  |0,000000


#====================================================================================================|172418.0

1000_25_3.txt       |Cuadratica          |IHEAIHEA                      |1000      |96,00   |0,970000|172418,00     |172417,94   |0,000035|85088,00  |0,000000
1000_25_3.txt       |Cuadratica          |IHEAIHEA_M                    |1000      |96,00   |0,990000|172418,00     |172417,67   |0,000191|13865,00  |0,000000
1000_25_3.txt       |Cuadratica          |IHEAIHEA_A                    |1000      |96,00   |1,000000|172418,00     |172418,00   |0,000000|13776,00  |0,000000


#====================================================================================================|367426.0

1000_25_4.txt       |Cuadratica          |IHEAIHEA                      |1000      |96,00   |1,000000|367426,00     |367426,00   |0,000000|98730,00  |0,000000
1000_25_4.txt       |Cuadratica          |IHEAIHEA_M                    |1000      |96,00   |0,970000|367426,00     |367424,32   |0,000457|15732,00  |0,000000
1000_25_4.txt       |Cuadratica          |IHEAIHEA_A                    |1000      |96,00   |0,950000|367426,00     |367423,20   |0,000762|18438,00  |0,000000


#====================================================================================================|4885611.0

1000_25_5.txt       |Cuadratica          |IHEAIHEA                      |1000      |96,00   |0,050000|4885611,00    |4885335,94  |0,005630|80919,00  |0,000000
1000_25_5.txt       |Cuadratica          |IHEAIHEA_M                    |1000      |96,00   |0,000000|4885275,00    |4885226,73  |0,007865|21964,00  |0,000000
1000_25_5.txt       |Cuadratica          |IHEAIHEA_A                    |1000      |96,00   |0,000000|4885503,00    |4885216,21  |0,008081|24833,00  |0,000000


#====================================================================================================|15689.0

1000_25_6.txt       |Cuadratica          |IHEAIHEA                      |1000      |96,00   |1,000000|15689,00      |15689,00    |0,000000|39115,00  |0,000000
1000_25_6.txt       |Cuadratica          |IHEAIHEA_M                    |1000      |96,00   |1,000000|15689,00      |15689,00    |0,000000|8089,00   |0,000000
1000_25_6.txt       |Cuadratica          |IHEAIHEA_A                    |1000      |96,00   |1,000000|15689,00      |15689,00    |0,000000|4688,00   |0,000000


#====================================================================================================|4945810.0

1000_25_7.txt       |Cuadratica          |IHEAIHEA                      |1000      |96,00   |0,230000|4945810,00    |4945763,97  |0,000931|79971,00  |0,000000
1000_25_7.txt       |Cuadratica          |IHEAIHEA_M                    |1000      |96,00   |0,000000|4945781,00    |4944798,09  |0,020460|24143,00  |0,000000
1000_25_7.txt       |Cuadratica          |IHEAIHEA_A                    |1000      |96,00   |0,000000|4945787,00    |4944804,85  |0,020323|26566,00  |0,000000


#====================================================================================================|1710198.0

1000_25_8.txt       |Cuadratica          |IHEAIHEA                      |1000      |96,00   |0,060000|1710198,00    |1709513,11  |0,040047|107473,00 |0,000000
1000_25_8.txt       |Cuadratica          |IHEAIHEA_M                    |1000      |96,00   |0,550000|1710198,00    |1710156,61  |0,002420|19114,00  |0,000000
1000_25_8.txt       |Cuadratica          |IHEAIHEA_A                    |1000      |96,00   |0,510000|1710198,00    |1710150,57  |0,002773|24525,00  |0,000000


#====================================================================================================|496315.0

1000_25_9.txt       |Cuadratica          |IHEAIHEA                      |1000      |96,00   |1,000000|496315,00     |496315,00   |0,000000|104421,00 |0,000000
1000_25_9.txt       |Cuadratica          |IHEAIHEA_M                    |1000      |96,00   |1,000000|496315,00     |496315,00   |0,000000|16236,00  |0,000000
1000_25_9.txt       |Cuadratica          |IHEAIHEA_A                    |1000      |96,00   |1,000000|496315,00     |496315,00   |0,000000|20145,00  |0,000000


#====================================================================================================|1173792.0

1000_25_10.txt      |Cuadratica          |IHEAIHEA                      |1000      |96,00   |0,000000|1173583,00    |1172708,48  |0,092309|106570,00 |0,000000
1000_25_10.txt      |Cuadratica          |IHEAIHEA_M                    |1000      |96,00   |0,690000|1173792,00    |1173782,98  |0,000768|21039,00  |0,000000
1000_25_10.txt      |Cuadratica          |IHEAIHEA_A                    |1000      |96,00   |0,650000|1173792,00    |1173781,54  |0,000891|25690,00  |0,000000


--------------------RESUMEN-----------------
Algoritmo[IHEAIHEA]
aciertos:60,10%
desviacion:0,014334
tiempo promedio:86449,60ms
-----------
Algoritmo[IHEAIHEA_M]
aciertos:60,90%
desviacion:0,014032
tiempo promedio:17477,80ms
-----------
Algoritmo[IHEAIHEA_A]
aciertos:59,10%
desviacion:0,015519
tiempo promedio:19626,70ms
-----------


