----------------------------------------------------------.
Numero Intentos:100
NPI: Numero iteraciones promedio.
TP: Tiempo Promedio.
TE: Tasa de exito.
DPR: Desviación porcentual relativa.
----------------------------------------------------------.
NOMBRE              |FUNCION             |ALGORITMO                     |DIMENSION |NPI     |TE      |MEJOR OPTIMO  |PROM OPTIMOS|DPR     |TP        |EVALUACIONES   

#====================================================================================================|29140.0

jeu_300_25_1.txt    |Cuadratica          |IHEAIHEA                      | 300      |82,00   |0,690000|29140,00      |29128,72    |0,038710|38141,00  |0,000000       
jeu_300_25_1.txt    |Cuadratica          |IHEAIHEA_M                    | 300      |82,00   |1,000000|29140,00      |29140,00    |0,000000|4496,00   |0,000000       
jeu_300_25_1.txt    |Cuadratica          |IHEAIHEA_A                    | 300      |82,00   |1,000000|29140,00      |29140,00    |0,000000|5239,00   |0,000000       


#====================================================================================================|281990.0

jeu_300_25_2.txt    |Cuadratica          |IHEAIHEA                      | 300      |82,00   |0,390000|281990,00     |281961,93   |0,009954|38649,00  |0,000000       
jeu_300_25_2.txt    |Cuadratica          |IHEAIHEA_M                    | 300      |82,00   |0,850000|281990,00     |281987,45   |0,000904|4962,00   |0,000000       
jeu_300_25_2.txt    |Cuadratica          |IHEAIHEA_A                    | 300      |82,00   |0,940000|281990,00     |281988,98   |0,000362|6034,00   |0,000000       


#====================================================================================================|444759.0

jeu_300_25_4.txt    |Cuadratica          |IHEAIHEA                      | 300      |82,00   |0,290000|444759,00     |444717,45   |0,009342|31133,00  |0,000000       
jeu_300_25_4.txt    |Cuadratica          |IHEAIHEA_M                    | 300      |82,00   |0,760000|444759,00     |444748,13   |0,002444|5092,00   |0,000000       
jeu_300_25_4.txt    |Cuadratica          |IHEAIHEA_A                    | 300      |82,00   |0,800000|444759,00     |444749,31   |0,002179|5360,00   |0,000000       


#====================================================================================================|14988.0

jeu_300_25_5.txt    |Cuadratica          |IHEAIHEA                      | 300      |82,00   |0,690000|14988,00      |14976,98    |0,073525|35583,00  |0,000000       
jeu_300_25_5.txt    |Cuadratica          |IHEAIHEA_M                    | 300      |82,00   |0,990000|14988,00      |14987,47    |0,003536|4036,00   |0,000000       
jeu_300_25_5.txt    |Cuadratica          |IHEAIHEA_A                    | 300      |82,00   |1,000000|14988,00      |14988,00    |0,000000|4363,00   |0,000000       


#====================================================================================================|269782.0

jeu_300_25_6.txt    |Cuadratica          |IHEAIHEA                      | 300      |82,00   |0,900000|269782,00     |269772,64   |0,003469|40358,00  |0,000000       
jeu_300_25_6.txt    |Cuadratica          |IHEAIHEA_M                    | 300      |82,00   |0,900000|269782,00     |269774,86   |0,002647|5039,00   |0,000000       
jeu_300_25_6.txt    |Cuadratica          |IHEAIHEA_A                    | 300      |82,00   |0,940000|269782,00     |269776,66   |0,001979|5999,00   |0,000000       


#====================================================================================================|485263.0

jeu_300_25_7.txt    |Cuadratica          |IHEAIHEA                      | 300      |82,00   |0,700000|485263,00     |485251,03   |0,002467|28922,00  |0,000000       
jeu_300_25_7.txt    |Cuadratica          |IHEAIHEA_M                    | 300      |82,00   |0,280000|485263,00     |485044,73   |0,044980|5707,00   |0,000000       
jeu_300_25_7.txt    |Cuadratica          |IHEAIHEA_A                    | 300      |82,00   |0,190000|485263,00     |485041,94   |0,045555|5679,00   |0,000000       


#====================================================================================================|9343.0

jeu_300_25_8.txt    |Cuadratica          |IHEAIHEA                      | 300      |82,00   |0,840000|9343,00       |9340,15     |0,030504|30541,00  |0,000000       
jeu_300_25_8.txt    |Cuadratica          |IHEAIHEA_M                    | 300      |82,00   |1,000000|9343,00       |9343,00     |0,000000|3892,00   |0,000000       
jeu_300_25_8.txt    |Cuadratica          |IHEAIHEA_A                    | 300      |82,00   |1,000000|9343,00       |9343,00     |0,000000|3770,00   |0,000000       


#====================================================================================================|250761.0

jeu_300_25_9.txt    |Cuadratica          |IHEAIHEA                      | 300      |82,00   |0,330000|250761,00     |250743,62   |0,006931|40644,00  |0,000000       
jeu_300_25_9.txt    |Cuadratica          |IHEAIHEA_M                    | 300      |82,00   |0,950000|250761,00     |250760,50   |0,000199|5379,00   |0,000000       
jeu_300_25_9.txt    |Cuadratica          |IHEAIHEA_A                    | 300      |82,00   |0,980000|250761,00     |250760,80   |0,000080|6427,00   |0,000000       


#====================================================================================================|383377.0

jeu_300_25_10.txt   |Cuadratica          |IHEAIHEA                      | 300      |82,00   |0,970000|383377,00     |383374,54   |0,000642|35091,00  |0,000000       
jeu_300_25_10.txt   |Cuadratica          |IHEAIHEA_M                    | 300      |82,00   |1,000000|383377,00     |383377,00   |0,000000|4967,00   |0,000000       
jeu_300_25_10.txt   |Cuadratica          |IHEAIHEA_A                    | 300      |82,00   |1,000000|383377,00     |383377,00   |0,000000|5623,00   |0,000000       


#====================================================================================================|228681.0

jeu_300_25_11.txt   |Cuadratica          |IHEAIHEA                      | 300      |82,00   |0,980000|228681,00     |228679,84   |0,000507|39968,00  |0,000000       
jeu_300_25_11.txt   |Cuadratica          |IHEAIHEA_M                    | 300      |82,00   |1,000000|228681,00     |228681,00   |0,000000|5005,00   |0,000000       
jeu_300_25_11.txt   |Cuadratica          |IHEAIHEA_A                    | 300      |82,00   |1,000000|228681,00     |228681,00   |0,000000|6545,00   |0,000000       


#====================================================================================================|392829.0

jeu_300_25_12.txt   |Cuadratica          |IHEAIHEA                      | 300      |82,00   |0,700000|392829,00     |392817,20   |0,003004|34189,00  |0,000000       
jeu_300_25_12.txt   |Cuadratica          |IHEAIHEA_M                    | 300      |82,00   |0,920000|392829,00     |392826,44   |0,000652|4826,00   |0,000000       
jeu_300_25_12.txt   |Cuadratica          |IHEAIHEA_A                    | 300      |82,00   |0,900000|392829,00     |392825,80   |0,000815|5432,00   |0,000000       


#====================================================================================================|395598.0

jeu_300_25_13.txt   |Cuadratica          |IHEAIHEA                      | 300      |82,00   |0,220000|395598,00     |395531,30   |0,016861|34089,00  |0,000000       
jeu_300_25_13.txt   |Cuadratica          |IHEAIHEA_M                    | 300      |82,00   |0,780000|395598,00     |395590,29   |0,001949|5285,00   |0,000000       
jeu_300_25_13.txt   |Cuadratica          |IHEAIHEA_A                    | 300      |82,00   |0,790000|395598,00     |395591,53   |0,001635|5964,00   |0,000000       


#====================================================================================================|462104.0

jeu_300_25_14.txt   |Cuadratica          |IHEAIHEA                      | 300      |82,00   |0,610000|462104,00     |462088,02   |0,003458|30379,00  |0,000000       
jeu_300_25_14.txt   |Cuadratica          |IHEAIHEA_M                    | 300      |82,00   |0,110000|462104,00     |461978,69   |0,027117|5687,00   |0,000000       
jeu_300_25_14.txt   |Cuadratica          |IHEAIHEA_A                    | 300      |82,00   |0,050000|462104,00     |461968,99   |0,029216|5874,00   |0,000000       


#====================================================================================================|24516.0

jeu_300_25_15.txt   |Cuadratica          |IHEAIHEA                      | 300      |82,00   |0,390000|24516,00      |24502,77    |0,053965|37082,00  |0,000000       
jeu_300_25_15.txt   |Cuadratica          |IHEAIHEA_M                    | 300      |82,00   |0,670000|24516,00      |24510,94    |0,020640|4164,00   |0,000000       
jeu_300_25_15.txt   |Cuadratica          |IHEAIHEA_A                    | 300      |82,00   |0,730000|24516,00      |24511,92    |0,016642|4654,00   |0,000000       


#====================================================================================================|60063.0

jeu_300_25_16.txt   |Cuadratica          |IHEAIHEA                      | 300      |82,00   |0,500000|60063,00      |60057,60    |0,008991|41413,00  |0,000000       
jeu_300_25_16.txt   |Cuadratica          |IHEAIHEA_M                    | 300      |82,00   |0,950000|60063,00      |60062,75    |0,000416|5254,00   |0,000000       
jeu_300_25_16.txt   |Cuadratica          |IHEAIHEA_A                    | 300      |82,00   |0,950000|60063,00      |60062,75    |0,000416|6062,00   |0,000000       


#====================================================================================================|431225.0

jeu_300_25_17.txt   |Cuadratica          |IHEAIHEA                      | 300      |82,00   |0,250000|431225,00     |431209,50   |0,003594|30401,00  |0,000000       
jeu_300_25_17.txt   |Cuadratica          |IHEAIHEA_M                    | 300      |82,00   |0,450000|431225,00     |431053,92   |0,039673|6067,00   |0,000000       
jeu_300_25_17.txt   |Cuadratica          |IHEAIHEA_A                    | 300      |82,00   |0,530000|431225,00     |431096,12   |0,029887|6530,00   |0,000000       


#====================================================================================================|516936.0

jeu_300_25_18.txt   |Cuadratica          |IHEAIHEA                      | 300      |82,00   |0,070000|516936,00     |516757,22   |0,034585|28477,00  |0,000000       
jeu_300_25_18.txt   |Cuadratica          |IHEAIHEA_M                    | 300      |82,00   |1,000000|516936,00     |516936,00   |0,000000|4426,00   |0,000000       
jeu_300_25_18.txt   |Cuadratica          |IHEAIHEA_A                    | 300      |82,00   |1,000000|516936,00     |516936,00   |0,000000|4859,00   |0,000000       


#====================================================================================================|203262.0

jeu_300_25_19.txt   |Cuadratica          |IHEAIHEA                      | 300      |82,00   |0,950000|203262,00     |203259,34   |0,001309|41316,00  |0,000000       
jeu_300_25_19.txt   |Cuadratica          |IHEAIHEA_M                    | 300      |82,00   |1,000000|203262,00     |203262,00   |0,000000|5388,00   |0,000000       
jeu_300_25_19.txt   |Cuadratica          |IHEAIHEA_A                    | 300      |82,00   |1,000000|203262,00     |203262,00   |0,000000|6606,00   |0,000000       


#====================================================================================================|311251.0

jeu_300_25_20.txt   |Cuadratica          |IHEAIHEA                      | 300      |82,00   |0,370000|311251,00     |311224,70   |0,008450|38133,00  |0,000000       
jeu_300_25_20.txt   |Cuadratica          |IHEAIHEA_M                    | 300      |82,00   |0,950000|311251,00     |311249,55   |0,000466|4593,00   |0,000000       
jeu_300_25_20.txt   |Cuadratica          |IHEAIHEA_A                    | 300      |82,00   |1,000000|311251,00     |311251,00   |0,000000|5890,00   |0,000000       


#====================================================================================================|513379.0

jeu_300_50_1.txt    |Cuadratica          |IHEAIHEA                      | 300      |82,00   |0,000000|513361,00     |513055,51   |0,063012|40068,00  |0,000000       
jeu_300_50_1.txt    |Cuadratica          |IHEAIHEA_M                    | 300      |82,00   |1,000000|513379,00     |513379,00   |0,000000|5413,00   |0,000000       
jeu_300_50_1.txt    |Cuadratica          |IHEAIHEA_A                    | 300      |82,00   |1,000000|513379,00     |513379,00   |0,000000|6475,00   |0,000000       


#====================================================================================================|105543.0

jeu_300_50_2.txt    |Cuadratica          |IHEAIHEA                      | 300      |82,00   |1,000000|105543,00     |105543,00   |0,000000|41076,00  |0,000000       
jeu_300_50_2.txt    |Cuadratica          |IHEAIHEA_M                    | 300      |82,00   |1,000000|105543,00     |105543,00   |0,000000|5562,00   |0,000000       
jeu_300_50_2.txt    |Cuadratica          |IHEAIHEA_A                    | 300      |82,00   |0,990000|105543,00     |105537,41   |0,005296|6477,00   |0,000000       


#====================================================================================================|875788.0

jeu_300_50_3.txt    |Cuadratica          |IHEAIHEA                      | 300      |82,00   |0,170000|875788,00     |875678,49   |0,012504|31985,00  |0,000000       
jeu_300_50_3.txt    |Cuadratica          |IHEAIHEA_M                    | 300      |82,00   |0,320000|875788,00     |875556,52   |0,026431|5987,00   |0,000000       
jeu_300_50_3.txt    |Cuadratica          |IHEAIHEA_A                    | 300      |82,00   |0,290000|875788,00     |875521,25   |0,030458|6255,00   |0,000000       


#====================================================================================================|307124.0

jeu_300_50_4.txt    |Cuadratica          |IHEAIHEA                      | 300      |82,00   |0,090000|307124,00     |307073,25   |0,016524|41661,00  |0,000000       
jeu_300_50_4.txt    |Cuadratica          |IHEAIHEA_M                    | 300      |82,00   |1,000000|307124,00     |307124,00   |0,000000|5770,00   |0,000000       
jeu_300_50_4.txt    |Cuadratica          |IHEAIHEA_A                    | 300      |82,00   |1,000000|307124,00     |307124,00   |0,000000|6808,00   |0,000000       


#====================================================================================================|727820.0

jeu_300_50_5.txt    |Cuadratica          |IHEAIHEA                      | 300      |82,00   |0,050000|727820,00     |727379,03   |0,060588|35347,00  |0,000000       
jeu_300_50_5.txt    |Cuadratica          |IHEAIHEA_M                    | 300      |82,00   |1,000000|727820,00     |727820,00   |0,000000|4870,00   |0,000000       
jeu_300_50_5.txt    |Cuadratica          |IHEAIHEA_A                    | 300      |82,00   |1,000000|727820,00     |727820,00   |0,000000|5749,00   |0,000000       


#====================================================================================================|734053.0

jeu_300_50_6.txt    |Cuadratica          |IHEAIHEA                      | 300      |82,00   |0,770000|734053,00     |734041,10   |0,001621|34576,00  |0,000000       
jeu_300_50_6.txt    |Cuadratica          |IHEAIHEA_M                    | 300      |82,00   |0,990000|734053,00     |734052,76   |0,000033|4880,00   |0,000000       
jeu_300_50_6.txt    |Cuadratica          |IHEAIHEA_A                    | 300      |82,00   |0,990000|734053,00     |734051,02   |0,000270|5670,00   |0,000000       


#====================================================================================================|43595.0

jeu_300_50_7.txt    |Cuadratica          |IHEAIHEA                      | 300      |82,00   |0,940000|43595,00      |43593,17    |0,004198|35179,00  |0,000000       
jeu_300_50_7.txt    |Cuadratica          |IHEAIHEA_M                    | 300      |82,00   |0,960000|43595,00      |43593,72    |0,002936|4848,00   |0,000000       
jeu_300_50_7.txt    |Cuadratica          |IHEAIHEA_A                    | 300      |82,00   |0,970000|43595,00      |43593,91    |0,002500|5353,00   |0,000000       


#====================================================================================================|767977.0

jeu_300_50_8.txt    |Cuadratica          |IHEAIHEA                      | 300      |82,00   |0,000000|767887,00     |767294,91   |0,088816|34362,00  |0,000000       
jeu_300_50_8.txt    |Cuadratica          |IHEAIHEA_M                    | 300      |82,00   |1,000000|767977,00     |767977,00   |0,000000|5360,00   |0,000000       
jeu_300_50_8.txt    |Cuadratica          |IHEAIHEA_A                    | 300      |82,00   |1,000000|767977,00     |767977,00   |0,000000|5942,00   |0,000000       


#====================================================================================================|761351.0

jeu_300_50_9.txt    |Cuadratica          |IHEAIHEA                      | 300      |82,00   |0,330000|761351,00     |761191,81   |0,020909|33354,00  |0,000000       
jeu_300_50_9.txt    |Cuadratica          |IHEAIHEA_M                    | 300      |82,00   |0,970000|761351,00     |761348,90   |0,000276|5518,00   |0,000000       
jeu_300_50_9.txt    |Cuadratica          |IHEAIHEA_A                    | 300      |82,00   |0,940000|761351,00     |761344,16   |0,000898|6074,00   |0,000000       


#====================================================================================================|996070.0

jeu_300_50_10.txt   |Cuadratica          |IHEAIHEA                      | 300      |82,00   |0,410000|996070,00     |996065,79   |0,000423|27719,00  |0,000000       
jeu_300_50_10.txt   |Cuadratica          |IHEAIHEA_M                    | 300      |82,00   |0,460000|996070,00     |995068,76   |0,100519|6261,00   |0,000000       
jeu_300_50_10.txt   |Cuadratica          |IHEAIHEA_A                    | 300      |82,00   |0,450000|996070,00     |995033,25   |0,104084|6363,00   |0,000000       


#====================================================================================================|423256.0

jeu_300_50_11.txt   |Cuadratica          |IHEAIHEA                      | 300      |82,00   |0,000000|423209,00     |422862,37   |0,093000|41119,00  |0,000000       
jeu_300_50_11.txt   |Cuadratica          |IHEAIHEA_M                    | 300      |82,00   |0,830000|423256,00     |423254,81   |0,000281|5966,00   |0,000000       
jeu_300_50_11.txt   |Cuadratica          |IHEAIHEA_A                    | 300      |82,00   |0,800000|423256,00     |423254,60   |0,000331|6998,00   |0,000000       


#====================================================================================================|407905.0

jeu_300_50_12.txt   |Cuadratica          |IHEAIHEA                      | 300      |82,00   |0,130000|407905,00     |407821,19   |0,020546|41295,00  |0,000000       
jeu_300_50_12.txt   |Cuadratica          |IHEAIHEA_M                    | 300      |82,00   |0,050000|407905,00     |407836,55   |0,016781|5997,00   |0,000000       
jeu_300_50_12.txt   |Cuadratica          |IHEAIHEA_A                    | 300      |82,00   |0,030000|407905,00     |407835,09   |0,017139|6955,00   |0,000000       


#====================================================================================================|205458.0

jeu_300_50_13.txt   |Cuadratica          |IHEAIHEA                      | 300      |82,00   |0,000000|205501,00     |205109,98   |0,169387|41521,00  |0,000000       
jeu_300_50_13.txt   |Cuadratica          |IHEAIHEA_M                    | 300      |82,00   |0,910000|205566,00     |205463,79   |-0,002818|5979,00   |0,000000       
jeu_300_50_13.txt   |Cuadratica          |IHEAIHEA_A                    | 300      |82,00   |0,890000|205566,00     |205467,76   |-0,004750|6931,00   |0,000000       


#====================================================================================================|972880.0

jeu_300_50_14.txt   |Cuadratica          |IHEAIHEA                      | 300      |82,00   |0,000000|972716,00     |972500,01   |0,039058|28852,00  |0,000000       
jeu_300_50_14.txt   |Cuadratica          |IHEAIHEA_M                    | 300      |82,00   |0,970000|972880,00     |972877,66   |0,000241|5507,00   |0,000000       
jeu_300_50_14.txt   |Cuadratica          |IHEAIHEA_A                    | 300      |82,00   |0,940000|972880,00     |972877,51   |0,000256|5774,00   |0,000000       


#====================================================================================================|958289.0

jeu_300_50_15.txt   |Cuadratica          |IHEAIHEA                      | 300      |82,00   |0,000000|958089,00     |957825,37   |0,048381|28706,00  |0,000000       
jeu_300_50_15.txt   |Cuadratica          |IHEAIHEA_M                    | 300      |82,00   |1,000000|958289,00     |958289,00   |0,000000|5363,00   |0,000000       
jeu_300_50_15.txt   |Cuadratica          |IHEAIHEA_A                    | 300      |82,00   |1,000000|958289,00     |958289,00   |0,000000|5700,00   |0,000000       


#====================================================================================================|1038127.0

jeu_300_50_16.txt   |Cuadratica          |IHEAIHEA                      | 300      |82,00   |0,030000|1038127,00    |1037549,92  |0,055589|25847,00  |0,000000       
jeu_300_50_16.txt   |Cuadratica          |IHEAIHEA_M                    | 300      |82,00   |1,000000|1038127,00    |1038127,00  |0,000000|5080,00   |0,000000       
jeu_300_50_16.txt   |Cuadratica          |IHEAIHEA_A                    | 300      |82,00   |1,000000|1038127,00    |1038127,00  |0,000000|5307,00   |0,000000       


#====================================================================================================|253808.0

jeu_300_50_17.txt   |Cuadratica          |IHEAIHEA                      | 300      |82,00   |0,880000|253808,00     |253806,85   |0,000453|41151,00  |0,000000       
jeu_300_50_17.txt   |Cuadratica          |IHEAIHEA_M                    | 300      |82,00   |1,000000|253808,00     |253808,00   |0,000000|6080,00   |0,000000       
jeu_300_50_17.txt   |Cuadratica          |IHEAIHEA_A                    | 300      |82,00   |0,980000|253808,00     |253803,45   |0,001793|7061,00   |0,000000       


#====================================================================================================|98772.0

jeu_300_50_18.txt   |Cuadratica          |IHEAIHEA                      | 300      |82,00   |0,440000|98772,00      |98765,15    |0,006935|40327,00  |0,000000       
jeu_300_50_18.txt   |Cuadratica          |IHEAIHEA_M                    | 300      |82,00   |1,000000|98772,00      |98772,00    |0,000000|5391,00   |0,000000       
jeu_300_50_18.txt   |Cuadratica          |IHEAIHEA_A                    | 300      |82,00   |1,000000|98772,00      |98772,00    |0,000000|6265,00   |0,000000       


#====================================================================================================|559374.0

jeu_300_50_19.txt   |Cuadratica          |IHEAIHEA                      | 300      |82,00   |0,860000|559374,00     |559362,97   |0,001972|39322,00  |0,000000       
jeu_300_50_19.txt   |Cuadratica          |IHEAIHEA_M                    | 300      |82,00   |0,330000|559374,00     |559153,83   |0,039360|6098,00   |0,000000       
jeu_300_50_19.txt   |Cuadratica          |IHEAIHEA_A                    | 300      |82,00   |0,350000|559374,00     |559175,64   |0,035461|7107,00   |0,000000       


#====================================================================================================|890913.0

jeu_300_50_20.txt   |Cuadratica          |IHEAIHEA                      | 300      |82,00   |0,290000|890913,00     |890871,71   |0,004635|30027,00  |0,000000       
jeu_300_50_20.txt   |Cuadratica          |IHEAIHEA_M                    | 300      |82,00   |0,990000|890913,00     |890912,99   |0,000001|5273,00   |0,000000       
jeu_300_50_20.txt   |Cuadratica          |IHEAIHEA_A                    | 300      |82,00   |0,960000|890913,00     |890912,54   |0,000052|5928,00   |0,000000       


--------------------RESUMEN-----------------
Algoritmo[IHEAIHEA]
aciertos:44,18%
desviacion:0,026124
tiempo promedio:35589,82ms
-----------
Algoritmo[IHEAIHEA_M]
aciertos:82,92%
desviacion:0,008453
tiempo promedio:5268,41ms
-----------
Algoritmo[IHEAIHEA_A]
aciertos:83,03%
desviacion:0,008271
tiempo promedio:5951,33ms
-----------

