----------------------------------------------------------.
Numero Intentos:100
NPI: Numero iteraciones promedio.
TP: Tiempo Promedio.
TE: Tasa de exito.
DPR: Desviación porcentual relativa.
----------------------------------------------------------.
NOMBRE              |FUNCION             |ALGORITMO                     |DIMENSION |NPI     |TE      |MEJOR OPTIMO  |PROM OPTIMOS|DPR     |TP        |EVALUACIONES   

#====================================================================================================|204441.0

jeu_200_25_1.txt    |Cuadratica          |IHEAIHEA                      | 200      |79,00   |0,660000|204441,00     |204424,45   |0,008095|15562,00  |0,000000       
jeu_200_25_1.txt    |Cuadratica          |IHEAIHEA_M                    | 200      |79,00   |1,000000|204441,00     |204441,00   |0,000000|1691,00   |0,000000       
jeu_200_25_1.txt    |Cuadratica          |IHEAIHEA_A                    | 200      |79,00   |1,000000|204441,00     |204441,00   |0,000000|2139,00   |0,000000       


#====================================================================================================|239573.0

jeu_200_25_2.txt    |Cuadratica          |IHEAIHEA                      | 200      |79,00   |0,560000|239573,00     |239566,40   |0,002755|12464,00  |0,000000       
jeu_200_25_2.txt    |Cuadratica          |IHEAIHEA_M                    | 200      |79,00   |0,610000|239573,00     |239567,15   |0,002442|1557,00   |0,000000       
jeu_200_25_2.txt    |Cuadratica          |IHEAIHEA_A                    | 200      |79,00   |0,650000|239573,00     |239567,75   |0,002191|1581,00   |0,000000       


#====================================================================================================|222361.0

jeu_200_25_4.txt    |Cuadratica          |IHEAIHEA                      | 200      |79,00   |1,000000|222361,00     |222361,00   |0,000000|13962,00  |0,000000       
jeu_200_25_4.txt    |Cuadratica          |IHEAIHEA_M                    | 200      |79,00   |0,930000|222361,00     |222342,83   |0,008171|2083,00   |0,000000       
jeu_200_25_4.txt    |Cuadratica          |IHEAIHEA_A                    | 200      |79,00   |0,920000|222361,00     |222345,12   |0,007142|2214,00   |0,000000       


#====================================================================================================|187324.0

jeu_200_25_5.txt    |Cuadratica          |IHEAIHEA                      | 200      |79,00   |0,250000|187324,00     |187307,38   |0,008872|17039,00  |0,000000       
jeu_200_25_5.txt    |Cuadratica          |IHEAIHEA_M                    | 200      |79,00   |0,770000|187324,00     |187322,15   |0,000988|1879,00   |0,000000       
jeu_200_25_5.txt    |Cuadratica          |IHEAIHEA_A                    | 200      |79,00   |0,750000|187324,00     |187321,98   |0,001078|2181,00   |0,000000       


#====================================================================================================|80351.0

jeu_200_25_6.txt    |Cuadratica          |IHEAIHEA                      | 200      |79,00   |0,550000|80351,00      |80339,54    |0,014262|24676,00  |0,000000       
jeu_200_25_6.txt    |Cuadratica          |IHEAIHEA_M                    | 200      |79,00   |0,680000|80351,00      |80343,68    |0,009110|2507,00   |0,000000       
jeu_200_25_6.txt    |Cuadratica          |IHEAIHEA_A                    | 200      |79,00   |0,560000|80351,00      |80341,59    |0,011711|3106,00   |0,000000       


#====================================================================================================|59036.0

jeu_200_25_7.txt    |Cuadratica          |IHEAIHEA                      | 200      |79,00   |0,790000|59036,00      |59026,49    |0,016109|24956,00  |0,000000       
jeu_200_25_7.txt    |Cuadratica          |IHEAIHEA_M                    | 200      |79,00   |1,000000|59036,00      |59036,00    |0,000000|2376,00   |0,000000       
jeu_200_25_7.txt    |Cuadratica          |IHEAIHEA_A                    | 200      |79,00   |1,000000|59036,00      |59036,00    |0,000000|2870,00   |0,000000       


#====================================================================================================|149433.0

jeu_200_25_8.txt    |Cuadratica          |IHEAIHEA                      | 200      |79,00   |0,380000|149433,00     |149363,62   |0,046429|20737,00  |0,000000       
jeu_200_25_8.txt    |Cuadratica          |IHEAIHEA_M                    | 200      |79,00   |0,670000|149433,00     |149409,85   |0,015492|1989,00   |0,000000       
jeu_200_25_8.txt    |Cuadratica          |IHEAIHEA_A                    | 200      |79,00   |0,830000|149433,00     |149423,21   |0,006551|2540,00   |0,000000       


#====================================================================================================|49366.0

jeu_200_25_9.txt    |Cuadratica          |IHEAIHEA                      | 200      |79,00   |0,720000|49366,00      |49357,51    |0,017198|25083,00  |0,000000       
jeu_200_25_9.txt    |Cuadratica          |IHEAIHEA_M                    | 200      |79,00   |1,000000|49366,00      |49366,00    |0,000000|2185,00   |0,000000       
jeu_200_25_9.txt    |Cuadratica          |IHEAIHEA_A                    | 200      |79,00   |1,000000|49366,00      |49366,00    |0,000000|2930,00   |0,000000       


#====================================================================================================|48459.0

jeu_200_25_10.txt   |Cuadratica          |IHEAIHEA                      | 200      |79,00   |0,590000|48459,00      |48395,18    |0,131699|25034,00  |0,000000       
jeu_200_25_10.txt   |Cuadratica          |IHEAIHEA_M                    | 200      |79,00   |1,000000|48459,00      |48459,00    |0,000000|2300,00   |0,000000       
jeu_200_25_10.txt   |Cuadratica          |IHEAIHEA_A                    | 200      |79,00   |1,000000|48459,00      |48459,00    |0,000000|2914,00   |0,000000       


#====================================================================================================|372097.0

jeu_200_50_1.txt    |Cuadratica          |IHEAIHEA                      | 200      |79,00   |1,000000|372097,00     |372097,00   |0,000000|17402,00  |0,000000       
jeu_200_50_1.txt    |Cuadratica          |IHEAIHEA_M                    | 200      |79,00   |1,000000|372097,00     |372097,00   |0,000000|2031,00   |0,000000       
jeu_200_50_1.txt    |Cuadratica          |IHEAIHEA_A                    | 200      |79,00   |1,000000|372097,00     |372097,00   |0,000000|2413,00   |0,000000       


#====================================================================================================|211130.0

jeu_200_50_2.txt    |Cuadratica          |IHEAIHEA                      | 200      |79,00   |0,000000|211115,00     |210913,66   |0,102468|23614,00  |0,000000       
jeu_200_50_2.txt    |Cuadratica          |IHEAIHEA_M                    | 200      |79,00   |0,000000|211110,00     |211089,30   |0,019277|2578,00   |0,000000       
jeu_200_50_2.txt    |Cuadratica          |IHEAIHEA_A                    | 200      |79,00   |0,000000|211110,00     |211089,99   |0,018950|3180,00   |0,000000       


#====================================================================================================|227185.0

jeu_200_50_3.txt    |Cuadratica          |IHEAIHEA                      | 200      |79,00   |0,020000|227185,00     |227038,37   |0,064542|24039,00  |0,000000       
jeu_200_50_3.txt    |Cuadratica          |IHEAIHEA_M                    | 200      |79,00   |1,000000|227185,00     |227185,00   |0,000000|2528,00   |0,000000       
jeu_200_50_3.txt    |Cuadratica          |IHEAIHEA_A                    | 200      |79,00   |1,000000|227185,00     |227185,00   |0,000000|3091,00   |0,000000       


#====================================================================================================|228572.0

jeu_200_50_4.txt    |Cuadratica          |IHEAIHEA                      | 200      |79,00   |1,000000|228572,00     |228572,00   |0,000000|23747,00  |0,000000       
jeu_200_50_4.txt    |Cuadratica          |IHEAIHEA_M                    | 200      |79,00   |1,000000|228572,00     |228572,00   |0,000000|1907,00   |0,000000       
jeu_200_50_4.txt    |Cuadratica          |IHEAIHEA_A                    | 200      |79,00   |1,000000|228572,00     |228572,00   |0,000000|2566,00   |0,000000       


#====================================================================================================|479651.0

jeu_200_50_5.txt    |Cuadratica          |IHEAIHEA                      | 200      |79,00   |0,850000|479651,00     |479620,70   |0,006317|12406,00  |0,000000       
jeu_200_50_5.txt    |Cuadratica          |IHEAIHEA_M                    | 200      |79,00   |1,000000|479651,00     |479651,00   |0,000000|1889,00   |0,000000       
jeu_200_50_5.txt    |Cuadratica          |IHEAIHEA_A                    | 200      |79,00   |1,000000|479651,00     |479651,00   |0,000000|1891,00   |0,000000       


#====================================================================================================|426777.0

jeu_200_50_6.txt    |Cuadratica          |IHEAIHEA                      | 200      |79,00   |0,000000|426482,00     |426469,55   |0,072040|14758,00  |0,000000       
jeu_200_50_6.txt    |Cuadratica          |IHEAIHEA_M                    | 200      |79,00   |1,000000|426777,00     |426777,00   |0,000000|2025,00   |0,000000       
jeu_200_50_6.txt    |Cuadratica          |IHEAIHEA_A                    | 200      |79,00   |1,000000|426777,00     |426777,00   |0,000000|2275,00   |0,000000       


#====================================================================================================|220890.0

jeu_200_50_7.txt    |Cuadratica          |IHEAIHEA                      | 200      |79,00   |0,450000|220890,00     |220860,89   |0,013179|23374,00  |0,000000       
jeu_200_50_7.txt    |Cuadratica          |IHEAIHEA_M                    | 200      |79,00   |0,750000|220890,00     |220883,17   |0,003092|2378,00   |0,000000       
jeu_200_50_7.txt    |Cuadratica          |IHEAIHEA_A                    | 200      |79,00   |0,790000|220890,00     |220883,75   |0,002829|2808,00   |0,000000       


#====================================================================================================|317952.0

jeu_200_50_8.txt    |Cuadratica          |IHEAIHEA                      | 200      |79,00   |0,910000|317952,00     |317950,15   |0,000582|20139,00  |0,000000       
jeu_200_50_8.txt    |Cuadratica          |IHEAIHEA_M                    | 200      |79,00   |1,000000|317952,00     |317952,00   |0,000000|1911,00   |0,000000       
jeu_200_50_8.txt    |Cuadratica          |IHEAIHEA_A                    | 200      |79,00   |1,000000|317952,00     |317952,00   |0,000000|2501,00   |0,000000       


#====================================================================================================|104936.0

jeu_200_50_9.txt    |Cuadratica          |IHEAIHEA                      | 200      |79,00   |0,730000|104936,00     |104924,79   |0,010683|24518,00  |0,000000       
jeu_200_50_9.txt    |Cuadratica          |IHEAIHEA_M                    | 200      |79,00   |0,980000|104936,00     |104931,12   |0,004650|2620,00   |0,000000       
jeu_200_50_9.txt    |Cuadratica          |IHEAIHEA_A                    | 200      |79,00   |0,990000|104936,00     |104935,59   |0,000391|3235,00   |0,000000       


#====================================================================================================|284751.0

jeu_200_50_10.txt   |Cuadratica          |IHEAIHEA                      | 200      |79,00   |0,120000|284751,00     |284742,07   |0,003136|21895,00  |0,000000       
jeu_200_50_10.txt   |Cuadratica          |IHEAIHEA_M                    | 200      |79,00   |0,450000|284751,00     |284716,41   |0,012147|2593,00   |0,000000       
jeu_200_50_10.txt   |Cuadratica          |IHEAIHEA_A                    | 200      |79,00   |0,510000|284751,00     |284718,82   |0,011301|3022,00   |0,000000       


#====================================================================================================|442894.0

jeu_200_75_1.txt    |Cuadratica          |IHEAIHEA                      | 200      |79,00   |0,070000|442894,00     |441812,80   |0,244122|21271,00  |0,000000       
jeu_200_75_1.txt    |Cuadratica          |IHEAIHEA_M                    | 200      |79,00   |0,000000|442680,00     |442679,45   |0,048443|2511,00   |0,000000       
jeu_200_75_1.txt    |Cuadratica          |IHEAIHEA_A                    | 200      |79,00   |0,000000|442803,00     |442681,01   |0,048091|2918,00   |0,000000       


#====================================================================================================|286643.0

jeu_200_75_2.txt    |Cuadratica          |IHEAIHEA                      | 200      |79,00   |0,000000|286605,00     |286173,96   |0,163632|24086,00  |0,000000       
jeu_200_75_2.txt    |Cuadratica          |IHEAIHEA_M                    | 200      |79,00   |0,960000|286643,00     |286642,76   |0,000084|2589,00   |0,000000       
jeu_200_75_2.txt    |Cuadratica          |IHEAIHEA_A                    | 200      |79,00   |0,950000|286643,00     |286642,70   |0,000105|3140,00   |0,000000       


#====================================================================================================|61924.0

jeu_200_75_3.txt    |Cuadratica          |IHEAIHEA                      | 200      |79,00   |0,180000|61924,00      |61788,46    |0,218881|23617,00  |0,000000       
jeu_200_75_3.txt    |Cuadratica          |IHEAIHEA_M                    | 200      |79,00   |1,000000|61924,00      |61924,00    |0,000000|2322,00   |0,000000       
jeu_200_75_3.txt    |Cuadratica          |IHEAIHEA_A                    | 200      |79,00   |1,000000|61924,00      |61924,00    |0,000000|3038,00   |0,000000       


#====================================================================================================|128351.0

jeu_200_75_4.txt    |Cuadratica          |IHEAIHEA                      | 200      |79,00   |0,970000|128351,00     |128349,02   |0,001543|24341,00  |0,000000       
jeu_200_75_4.txt    |Cuadratica          |IHEAIHEA_M                    | 200      |79,00   |1,000000|128351,00     |128351,00   |0,000000|2281,00   |0,000000       
jeu_200_75_4.txt    |Cuadratica          |IHEAIHEA_A                    | 200      |79,00   |1,000000|128351,00     |128351,00   |0,000000|2889,00   |0,000000       


#====================================================================================================|137885.0

jeu_200_75_5.txt    |Cuadratica          |IHEAIHEA                      | 200      |79,00   |0,150000|137885,00     |137754,27   |0,094811|25200,00  |0,000000       
jeu_200_75_5.txt    |Cuadratica          |IHEAIHEA_M                    | 200      |79,00   |1,000000|137885,00     |137885,00   |0,000000|2521,00   |0,000000       
jeu_200_75_5.txt    |Cuadratica          |IHEAIHEA_A                    | 200      |79,00   |1,000000|137885,00     |137885,00   |0,000000|3204,00   |0,000000       


#====================================================================================================|229631.0

jeu_200_75_6.txt    |Cuadratica          |IHEAIHEA                      | 200      |79,00   |0,920000|229631,00     |229624,76   |0,002717|25184,00  |0,000000       
jeu_200_75_6.txt    |Cuadratica          |IHEAIHEA_M                    | 200      |79,00   |0,890000|229631,00     |229584,58   |0,020215|2754,00   |0,000000       
jeu_200_75_6.txt    |Cuadratica          |IHEAIHEA_A                    | 200      |79,00   |0,880000|229631,00     |229578,67   |0,022789|3449,00   |0,000000       


#====================================================================================================|269887.0

jeu_200_75_7.txt    |Cuadratica          |IHEAIHEA                      | 200      |79,00   |0,600000|269887,00     |269847,75   |0,014543|24858,00  |0,000000       
jeu_200_75_7.txt    |Cuadratica          |IHEAIHEA_M                    | 200      |79,00   |1,000000|269887,00     |269887,00   |0,000000|2323,00   |0,000000       
jeu_200_75_7.txt    |Cuadratica          |IHEAIHEA_A                    | 200      |79,00   |1,000000|269887,00     |269887,00   |0,000000|3009,00   |0,000000       


#====================================================================================================|600858.0

jeu_200_75_8.txt    |Cuadratica          |IHEAIHEA                      | 200      |79,00   |0,870000|600858,00     |600844,13   |0,002308|14898,00  |0,000000       
jeu_200_75_8.txt    |Cuadratica          |IHEAIHEA_M                    | 200      |79,00   |0,700000|600858,00     |600842,03   |0,002658|2203,00   |0,000000       
jeu_200_75_8.txt    |Cuadratica          |IHEAIHEA_A                    | 200      |79,00   |0,670000|600858,00     |600840,34   |0,002939|2567,00   |0,000000       


#====================================================================================================|516771.0

jeu_200_75_9.txt    |Cuadratica          |IHEAIHEA                      | 200      |79,00   |0,000000|515855,00     |515403,90   |0,264547|18662,00  |0,000000       
jeu_200_75_9.txt    |Cuadratica          |IHEAIHEA_M                    | 200      |79,00   |1,000000|516771,00     |516771,00   |0,000000|2370,00   |0,000000       
jeu_200_75_9.txt    |Cuadratica          |IHEAIHEA_A                    | 200      |79,00   |1,000000|516771,00     |516771,00   |0,000000|2750,00   |0,000000       


#====================================================================================================|142694.0

jeu_200_75_10.txt   |Cuadratica          |IHEAIHEA                      | 200      |79,00   |0,290000|142694,00     |142616,86   |0,054060|24577,00  |0,000000       
jeu_200_75_10.txt   |Cuadratica          |IHEAIHEA_M                    | 200      |79,00   |1,000000|142694,00     |142694,00   |0,000000|2608,00   |0,000000       
jeu_200_75_10.txt   |Cuadratica          |IHEAIHEA_A                    | 200      |79,00   |1,000000|142694,00     |142694,00   |0,000000|3255,00   |0,000000       


#====================================================================================================|937149.0

jeu_200_100_1.txt   |Cuadratica          |IHEAIHEA                      | 200      |79,00   |0,000000|936860,00     |936696,76   |0,048257|14181,00  |0,000000       
jeu_200_100_1.txt   |Cuadratica          |IHEAIHEA_M                    | 200      |79,00   |0,000000|936860,00     |936860,00   |0,030838|2412,00   |0,000000       
jeu_200_100_1.txt   |Cuadratica          |IHEAIHEA_A                    | 200      |79,00   |0,000000|936862,00     |936862,00   |0,030625|2571,00   |0,000000       


#====================================================================================================|303058.0

jeu_200_100_2.txt   |Cuadratica          |IHEAIHEA                      | 200      |79,00   |0,000000|302615,00     |302086,06   |0,320711|25246,00  |0,000000       
jeu_200_100_2.txt   |Cuadratica          |IHEAIHEA_M                    | 200      |79,00   |1,000000|303058,00     |303058,00   |0,000000|2732,00   |0,000000       
jeu_200_100_2.txt   |Cuadratica          |IHEAIHEA_A                    | 200      |79,00   |1,000000|303058,00     |303058,00   |0,000000|3498,00   |0,000000       


#====================================================================================================|29367.0

jeu_200_100_3.txt   |Cuadratica          |IHEAIHEA                      | 200      |79,00   |0,550000|29367,00      |29316,89    |0,170634|21456,00  |0,000000       
jeu_200_100_3.txt   |Cuadratica          |IHEAIHEA_M                    | 200      |79,00   |1,000000|29367,00      |29367,00    |0,000000|2016,00   |0,000000       
jeu_200_100_3.txt   |Cuadratica          |IHEAIHEA_A                    | 200      |79,00   |1,000000|29367,00      |29367,00    |0,000000|2407,00   |0,000000       


#====================================================================================================|100838.0

jeu_200_100_4.txt   |Cuadratica          |IHEAIHEA                      | 200      |79,00   |0,240000|100838,00     |100837,24   |0,000754|24901,00  |0,000000       
jeu_200_100_4.txt   |Cuadratica          |IHEAIHEA_M                    | 200      |79,00   |1,000000|100838,00     |100838,00   |0,000000|2245,00   |0,000000       
jeu_200_100_4.txt   |Cuadratica          |IHEAIHEA_A                    | 200      |79,00   |1,000000|100838,00     |100838,00   |0,000000|3022,00   |0,000000       


#====================================================================================================|786635.0

jeu_200_100_5.txt   |Cuadratica          |IHEAIHEA                      | 200      |79,00   |0,000000|786383,00     |786081,92   |0,070310|15395,00  |0,000000       
jeu_200_100_5.txt   |Cuadratica          |IHEAIHEA_M                    | 200      |79,00   |1,000000|786635,00     |786635,00   |0,000000|2075,00   |0,000000       
jeu_200_100_5.txt   |Cuadratica          |IHEAIHEA_A                    | 200      |79,00   |1,000000|786635,00     |786635,00   |0,000000|2387,00   |0,000000       


#====================================================================================================|41171.0

jeu_200_100_6.txt   |Cuadratica          |IHEAIHEA                      | 200      |79,00   |1,000000|41171,00      |41171,00    |0,000000|22804,00  |0,000000       
jeu_200_100_6.txt   |Cuadratica          |IHEAIHEA_M                    | 200      |79,00   |0,990000|41171,00      |41161,66    |0,022686|2021,00   |0,000000       
jeu_200_100_6.txt   |Cuadratica          |IHEAIHEA_A                    | 200      |79,00   |1,000000|41171,00      |41171,00    |0,000000|2477,00   |0,000000       


#====================================================================================================|701094.0

jeu_200_100_7.txt   |Cuadratica          |IHEAIHEA                      | 200      |79,00   |0,000000|700878,00     |700188,46   |0,129161|18566,00  |0,000000       
jeu_200_100_7.txt   |Cuadratica          |IHEAIHEA_M                    | 200      |79,00   |1,000000|701094,00     |701094,00   |0,000000|2248,00   |0,000000       
jeu_200_100_7.txt   |Cuadratica          |IHEAIHEA_A                    | 200      |79,00   |0,990000|701094,00     |701091,15   |0,000407|2653,00   |0,000000       


#====================================================================================================|782443.0

jeu_200_100_8.txt   |Cuadratica          |IHEAIHEA                      | 200      |79,00   |0,000000|781168,00     |781028,39   |0,180794|16711,00  |0,000000       
jeu_200_100_8.txt   |Cuadratica          |IHEAIHEA_M                    | 200      |79,00   |1,000000|782443,00     |782443,00   |0,000000|2452,00   |0,000000       
jeu_200_100_8.txt   |Cuadratica          |IHEAIHEA_A                    | 200      |79,00   |1,000000|782443,00     |782443,00   |0,000000|2736,00   |0,000000       


#====================================================================================================|628992.0

jeu_200_100_9.txt   |Cuadratica          |IHEAIHEA                      | 200      |79,00   |0,000000|628885,00     |628218,04   |0,123048|19956,00  |0,000000       
jeu_200_100_9.txt   |Cuadratica          |IHEAIHEA_M                    | 200      |79,00   |1,000000|628992,00     |628992,00   |0,000000|2413,00   |0,000000       
jeu_200_100_9.txt   |Cuadratica          |IHEAIHEA_A                    | 200      |79,00   |1,000000|628992,00     |628992,00   |0,000000|2916,00   |0,000000       


#====================================================================================================|378442.0

jeu_200_100_10.txt  |Cuadratica          |IHEAIHEA                      | 200      |79,00   |0,000000|377649,00     |377303,38   |0,300870|24823,00  |0,000000       
jeu_200_100_10.txt  |Cuadratica          |IHEAIHEA_M                    | 200      |79,00   |1,000000|378442,00     |378442,00   |0,000000|2788,00   |0,000000       
jeu_200_100_10.txt  |Cuadratica          |IHEAIHEA_A                    | 200      |79,00   |1,000000|378442,00     |378442,00   |0,000000|3395,00   |0,000000       


--------------------RESUMEN-----------------
Algoritmo[IHEAIHEA]
aciertos:42,10%
desviacion:0,074976
tiempo promedio:20926,62ms
-----------
Algoritmo[IHEAIHEA_M]
aciertos:85,59%
desviacion:0,005136
tiempo promedio:2279,77ms
-----------
Algoritmo[IHEAIHEA_A]
aciertos:85,87%
desviacion:0,004285
tiempo promedio:2762,51ms
-----------

