----------------------------------------------------------.
Numero Intentos:100
NPI: Numero iteraciones promedio.
TP: Tiempo Promedio.
TE: Tasa de exito.
DPR: Desviación porcentual relativa.
----------------------------------------------------------.
NOMBRE              |FUNCION             |ALGORITMO                     |DIMENSION |NPI     |TE      |MEJOR OPTIMO  |PROM OPTIMOS|DPR     |TP        |EVALUACIONES
#====================================================================================================|377.585149872232
instancia_D632i_0.txt|Cuadratica          |IHEAIHEA_M                    | 438      |85,00   |1,000000|377,59        |377,59      |0,000000|10417,00  |0,000000
instancia_D632i_0.txt|Cuadratica          |IHEAIHEA_A                    | 438      |85,00   |1,000000|377,59        |377,59      |-0,000000|12063,00  |0,000000
instancia_D632i_0.txt|FJSGVNS             |JSGVNS-Int[20]                | 438      |20,00   |1,000000|377,59        |377,59      |0,000004|4416,00   |0,000000

#====================================================================================================|321.54102507338735
instancia_D671g_0.txt|Cuadratica          |IHEAIHEA_M                    | 276      |81,00   |1,000000|321,54        |321,54      |0,000000|6984,00   |0,000000
instancia_D671g_0.txt|Cuadratica          |IHEAIHEA_A                    | 276      |81,00   |1,000000|321,54        |321,54      |0,000000|11150,00  |0,000000
instancia_D671g_0.txt|FJSGVNS             |JSGVNS-Int[20]                | 276      |20,00   |1,000000|321,54        |321,54      |0,000000|6194,00   |0,000000

#====================================================================================================|275.631539662967
instancia_D404g_0.txt|Cuadratica          |IHEAIHEA_M                    | 412      |85,00   |1,000000|275,63        |275,63      |0,000000|8808,00   |0,000000
instancia_D404g_0.txt|Cuadratica          |IHEAIHEA_A                    | 412      |85,00   |1,000000|275,63        |275,63      |0,000000|10741,00  |0,000000
instancia_D404g_0.txt|FJSGVNS             |JSGVNS-Int[20]                | 412      |1,000000|1,000000|275,63        |275,63      |0,000000|56,00     |0,000000

#====================================================================================================|327.14992619645847
instancia_D431h_0.txt|Cuadratica          |IHEAIHEA_M                    | 423      |85,00   |0,820000|327,15        |327,12      |0,008803|10891,00  |0,000000
instancia_D431h_0.txt|Cuadratica          |IHEAIHEA_A                    | 423      |85,00   |0,920000|327,15        |327,14      |0,002258|12358,00  |0,000000
instancia_D431h_0.txt|FJSGVNS             |JSGVNS-Int[20]                | 423      |20,00   |1,000000|327,15        |327,15      |0,000000|3588,00   |0,000000

#====================================================================================================|278.4218343811521
instancia_D347b_0.txt|Cuadratica          |IHEAIHEA_M                    | 377      |84,00   |0,460000|278,42        |278,37      |0,020171|9823,00   |0,000000
instancia_D347b_0.txt|Cuadratica          |IHEAIHEA_A                    | 377      |84,00   |0,890000|278,42        |278,41      |0,004972|12030,00  |0,000000
instancia_D347b_0.txt|FJSGVNS             |JSGVNS-Int[20]                | 377      |20,00   |0,330000|278,42        |278,38      |0,013379|4243,00   |0,000000

#====================================================================================================|271.2029544481135
instancia_D0649D_0.txt|Cuadratica          |IHEAIHEA_M                    | 310      |82,00   |0,620000|271,20        |264,38      |2,515623|7846,00   |0,000000
instancia_D0649D_0.txt|Cuadratica          |IHEAIHEA_A                    | 310      |82,00   |1,000000|271,20        |271,20      |0,000000|10930,00  |0,000000
instancia_D0649D_0.txt|FJSGVNS             |JSGVNS-Int[20]                | 310      |1,000000|1,000000|271,20        |271,20      |0,000000|28,00     |0,000000

#====================================================================================================|406.6905011496234
instancia_D393f_0.txt|Cuadratica          |IHEAIHEA_M                    | 368      |84,00   |0,040000|406,69        |406,61      |0,020105|9469,00   |0,000000
instancia_D393f_0.txt|Cuadratica          |IHEAIHEA_A                    | 368      |84,00   |0,390000|406,69        |406,64      |0,012775|12057,00  |0,000000
instancia_D393f_0.txt|FJSGVNS             |JSGVNS-Int[20]                | 368      |20,00   |0,730000|406,69        |406,67      |0,005654|12255,00  |0,000000

#====================================================================================================|643.8758874273051
instancia_D398e_0.txt|Cuadratica          |IHEAIHEA_M                    | 614      |89,00   |1,000000|643,88        |643,88      |0,000000|13313,00  |0,000000
instancia_D398e_0.txt|Cuadratica          |IHEAIHEA_A                    | 614      |89,00   |1,000000|643,88        |643,88      |0,000000|13050,00  |0,000000
instancia_D398e_0.txt|FJSGVNS             |JSGVNS-Int[20]                | 614      |20,00   |1,000000|643,88        |643,88      |0,000000|12989,00  |0,000000

#====================================================================================================|211.64402661254832
instancia_D357i_0.txt|Cuadratica          |IHEAIHEA_M                    | 338      |83,00   |0,990000|211,64        |211,64      |0,000096|8332,00   |0,000000
instancia_D357i_0.txt|Cuadratica          |IHEAIHEA_A                    | 338      |83,00   |1,000000|211,64        |211,64      |0,000000|11273,00  |0,000000
instancia_D357i_0.txt|FJSGVNS             |JSGVNS-Int[20]                | 338      |20,00   |0,920000|211,64        |211,64      |0,000764|7047,00   |0,000000

#====================================================================================================|323.0103209963383
instancia_D360f_0.txt|Cuadratica          |IHEAIHEA_M                    | 312      |82,00   |1,000000|323,01        |323,01      |0,000000|7195,00   |0,000000
instancia_D360f_0.txt|Cuadratica          |IHEAIHEA_A                    | 312      |82,00   |1,000000|323,01        |323,01      |0,000000|10688,00  |0,000000
instancia_D360f_0.txt|FJSGVNS             |JSGVNS-Int[20]                | 312      |20,00   |1,000000|323,01        |323,01      |0,000000|5482,00   |0,000000

#====================================================================================================|278.01050844532466
instancia_D438g_0.txt|Cuadratica          |IHEAIHEA_M                    | 249      |80,00   |0,980000|278,01        |278,01      |0,000210|5641,00   |0,000000
instancia_D438g_0.txt|Cuadratica          |IHEAIHEA_A                    | 249      |80,00   |1,000000|278,01        |278,01      |0,000000|10124,00  |0,000000
instancia_D438g_0.txt|FJSGVNS             |JSGVNS-Int[20]                | 249      |20,00   |1,000000|278,01        |278,01      |0,000000|15262,00  |0,000000

#====================================================================================================|326.23717035638094
instancia_D301i_0.txt|Cuadratica          |IHEAIHEA_M                    | 506      |87,00   |0,120000|326,24        |326,08      |0,046972|12742,00  |0,000000
instancia_D301i_0.txt|Cuadratica          |IHEAIHEA_A                    | 506      |87,00   |0,150000|326,24        |326,12      |0,037376|12876,00  |0,000000
instancia_D301i_0.txt|FJSGVNS             |JSGVNS-Int[20]                | 506      |20,00   |0,930000|326,24        |326,24      |0,000325|6978,00   |0,000000

#====================================================================================================|323.844080044579
instancia_D324e_0.txt|Cuadratica          |IHEAIHEA_M                    | 255      |80,00   |1,000000|323,84        |323,84      |0,000000|5346,00   |0,000000
instancia_D324e_0.txt|Cuadratica          |IHEAIHEA_A                    | 255      |80,00   |1,000000|323,84        |323,84      |0,000000|10535,00  |0,000000
instancia_D324e_0.txt|FJSGVNS             |JSGVNS-Int[20]                | 255      |20,00   |1,000000|323,84        |323,84      |0,000000|13142,00  |0,000000

#====================================================================================================|320.57721073680307
instancia_D0650E.txt|Cuadratica          |IHEAIHEA_M                    | 256      |81,00   |1,000000|320,58        |320,58      |0,000000|5820,00   |0,000000
instancia_D0650E.txt|Cuadratica          |IHEAIHEA_A                    | 256      |81,00   |1,000000|320,58        |320,58      |0,000000|7263,00   |0,000000
instancia_D0650E.txt|FJSGVNS             |JSGVNS-Int[20]                | 256      |20,00   |1,000000|320,58        |320,58      |0,000000|11554,00  |0,000000

#====================================================================================================|299.1786024921097
instancia_D332h_0.txt|Cuadratica          |IHEAIHEA_M                    | 523      |87,00   |1,000000|299,18        |299,18      |0,000000|12230,00  |0,000000
instancia_D332h_0.txt|Cuadratica          |IHEAIHEA_A                    | 523      |87,00   |1,000000|299,18        |299,18      |0,000000|12274,00  |0,000000
instancia_D332h_0.txt|FJSGVNS             |JSGVNS-Int[20]                | 523      |20,00   |1,000000|299,18        |299,18      |0,000000|13316,00  |0,000000

#====================================================================================================|299.48928754172795
instancia_D422c_0.txt|Cuadratica          |IHEAIHEA_M                    | 263      |81,00   |1,000000|299,49        |299,49      |0,000000|5925,00   |0,000000
instancia_D422c_0.txt|Cuadratica          |IHEAIHEA_A                    | 263      |81,00   |1,000000|299,49        |299,49      |0,000000|10420,00  |0,000000
instancia_D422c_0.txt|FJSGVNS             |JSGVNS-Int[20]                | 263      |20,00   |0,980000|299,49        |299,49      |0,000906|2856,00   |0,000000

#====================================================================================================|320.5772107368027
instancia_D0650E_0.txt|Cuadratica          |IHEAIHEA_M                    | 256      |81,00   |1,000000|320,58        |320,58      |0,000000|5659,00   |0,000000
instancia_D0650E_0.txt|Cuadratica          |IHEAIHEA_A                    | 256      |81,00   |1,000000|320,58        |320,58      |0,000000|7104,00   |0,000000
instancia_D0650E_0.txt|FJSGVNS             |JSGVNS-Int[20]                | 256      |20,00   |1,000000|320,58        |320,58      |0,000000|11319,00  |0,000000

#====================================================================================================|191.81187771613233
instancia_D376e_0.txt|Cuadratica          |IHEAIHEA_M                    | 247      |80,00   |0,770000|191,81        |191,80      |0,006010|5426,00   |0,000000
instancia_D376e_0.txt|Cuadratica          |IHEAIHEA_A                    | 247      |80,00   |0,940000|191,81        |191,81      |0,001442|10600,00  |0,000000
instancia_D376e_0.txt|FJSGVNS             |JSGVNS-Int[20]                | 247      |20,00   |1,000000|191,81        |191,81      |0,000000|7380,00   |0,000000

#====================================================================================================|252.92962106312802
instancia_D434b_0.txt|Cuadratica          |IHEAIHEA_M                    | 623      |89,00   |0,250000|252,93        |252,80      |0,051483|14126,00  |0,000000
instancia_D434b_0.txt|Cuadratica          |IHEAIHEA_A                    | 623      |89,00   |0,260000|252,93        |252,80      |0,050324|13375,00  |0,000000
instancia_D434b_0.txt|FJSGVNS             |JSGVNS-Int[20]                | 623      |20,00   |0,980000|252,93        |252,93      |0,000447|6973,00   |0,000000

#====================================================================================================|617.9711787556097
instancia_D343c_0.txt|Cuadratica          |IHEAIHEA_M                    | 359      |83,00   |1,000000|617,97        |617,97      |0,000000|9340,00   |0,000000
instancia_D343c_0.txt|Cuadratica          |IHEAIHEA_A                    | 359      |83,00   |1,000000|617,97        |617,97      |0,000000|12116,00  |0,000000
instancia_D343c_0.txt|FJSGVNS             |JSGVNS-Int[20]                | 359      |20,00   |0,990000|617,97        |617,97      |0,000027|7031,00   |0,000000

#====================================================================================================|350.60543936528046
instancia_D633g_0.txt|Cuadratica          |IHEAIHEA_M                    | 403      |85,00   |0,500000|350,61        |350,59      |0,004175|10297,00  |0,000000
instancia_D633g_0.txt|Cuadratica          |IHEAIHEA_A                    | 403      |85,00   |0,410000|350,61        |350,59      |0,004422|12149,00  |0,000000
instancia_D633g_0.txt|FJSGVNS             |JSGVNS-Int[20]                | 403      |20,00   |1,000000|350,61        |350,61      |0,000000|14249,00  |0,000000

#====================================================================================================|375.87926213304456
instancia_D436j_0.txt|Cuadratica          |IHEAIHEA_M                    | 385      |84,00   |0,990000|375,88        |375,88      |0,000174|9848,00   |0,000000
instancia_D436j_0.txt|Cuadratica          |IHEAIHEA_A                    | 385      |84,00   |1,000000|375,88        |375,88      |0,000000|11885,00  |0,000000
instancia_D436j_0.txt|FJSGVNS             |JSGVNS-Int[20]                | 385      |20,00   |1,000000|375,88        |375,88      |0,000000|7663,00   |0,000000

#====================================================================================================|256.95046153570814
instancia_D428e_0.txt|Cuadratica          |IHEAIHEA_M                    | 455      |86,00   |0,960000|256,95        |256,95      |0,000502|11852,00  |0,000000
instancia_D428e_0.txt|Cuadratica          |IHEAIHEA_A                    | 455      |86,00   |1,000000|256,95        |256,95      |0,000000|12669,00  |0,000000
instancia_D428e_0.txt|FJSGVNS             |JSGVNS-Int[20]                | 455      |20,00   |0,280000|256,95        |256,88      |0,027679|9333,00   |0,000000

#====================================================================================================|402.24940099442927
instancia_D435f_0.txt|Cuadratica          |IHEAIHEA_M                    | 443      |86,00   |0,120000|402,25        |401,97      |0,068728|11217,00  |0,000000
instancia_D435f_0.txt|Cuadratica          |IHEAIHEA_A                    | 443      |86,00   |0,850000|402,25        |402,24      |0,001287|12728,00  |0,000000
instancia_D435f_0.txt|FJSGVNS             |JSGVNS-Int[20]                | 443      |20,00   |1,000000|402,25        |402,25      |0,000000|7870,00   |0,000000

#====================================================================================================|173.5196952552482
instancia_D401e_0.txt|Cuadratica          |IHEAIHEA_M                    | 346      |83,00   |0,000000|173,48        |173,47      |0,029194|8432,00   |0,000000
instancia_D401e_0.txt|Cuadratica          |IHEAIHEA_A                    | 346      |83,00   |0,000000|173,48        |173,47      |0,028192|11379,00  |0,000000
instancia_D401e_0.txt|FJSGVNS             |JSGVNS-Int[20]                | 346      |20,00   |0,890000|173,52        |173,52      |0,002698|7730,00   |0,000000

#====================================================================================================|585.2034964824275
instancia_D695c_0.txt|Cuadratica          |IHEAIHEA_M                    | 502      |87,00   |0,990000|585,20        |585,20      |0,000374|11904,00  |0,000000
instancia_D695c_0.txt|Cuadratica          |IHEAIHEA_A                    | 502      |87,00   |1,000000|585,20        |585,20      |0,000000|12925,00  |0,000000
instancia_D695c_0.txt|FJSGVNS             |JSGVNS-Int[20]                | 502      |20,00   |1,000000|585,20        |585,20      |0,000000|7235,00   |0,000000

#====================================================================================================|234.34062453722333
instancia_D307b_0.txt|Cuadratica          |IHEAIHEA_M                    | 386      |84,00   |0,960000|234,34        |234,34      |0,000832|9172,00   |0,000000
instancia_D307b_0.txt|Cuadratica          |IHEAIHEA_A                    | 386      |84,00   |1,000000|234,34        |234,34      |0,000000|11673,00  |0,000000
instancia_D307b_0.txt|FJSGVNS             |JSGVNS-Int[20]                | 386      |20,00   |0,980000|234,34        |234,34      |0,000273|6760,00   |0,000000

#====================================================================================================|258.0391439698407
instancia_D407b_0.txt|Cuadratica          |IHEAIHEA_M                    | 347      |83,00   |1,000000|258,04        |258,04      |0,000000|8905,00   |0,000000
instancia_D407b_0.txt|Cuadratica          |IHEAIHEA_A                    | 347      |83,00   |1,000000|258,04        |258,04      |0,000000|11307,00  |0,000000
instancia_D407b_0.txt|FJSGVNS             |JSGVNS-Int[20]                | 347      |20,00   |1,000000|258,04        |258,04      |0,000000|5956,00   |0,000000

#====================================================================================================|271.2029544481126
instancia_D0649D.txt|Cuadratica          |IHEAIHEA_M                    | 310      |82,00   |0,750000|271,20        |266,71      |1,655262|7347,00   |0,000000
instancia_D0649D.txt|Cuadratica          |IHEAIHEA_A                    | 310      |82,00   |1,000000|271,20        |271,20      |0,000000|10672,00  |0,000000
instancia_D0649D.txt|FJSGVNS             |JSGVNS-Int[20]                | 310      |1,000000|1,000000|271,20        |271,20      |0,000000|33,00     |0,000000

#====================================================================================================|328.6553760618952
instancia_D331f_0.txt|Cuadratica          |IHEAIHEA_M                    | 694      |91,00   |1,000000|328,66        |328,66      |0,000000|14169,00  |0,000000
instancia_D331f_0.txt|Cuadratica          |IHEAIHEA_A                    | 694      |91,00   |1,000000|328,66        |328,66      |0,000000|13356,00  |0,000000
instancia_D331f_0.txt|FJSGVNS             |JSGVNS-Int[20]                | 694      |20,00   |1,000000|328,66        |328,66      |0,000000|8902,00   |0,000000

#====================================================================================================|1046.0464875187226
instancia_D699a_0.txt|Cuadratica          |IHEAIHEA_M                    | 647      |90,00   |1,000000|1046,05       |1046,05     |0,000000|14048,00  |0,000000
instancia_D699a_0.txt|Cuadratica          |IHEAIHEA_A                    | 647      |90,00   |1,000000|1046,05       |1046,05     |0,000000|13443,00  |0,000000
instancia_D699a_0.txt|FJSGVNS             |JSGVNS-Int[20]                | 647      |20,00   |1,000000|1046,05       |1046,05     |0,000000|13970,00  |0,000000

#====================================================================================================|352.6248429228641
instancia_D366i_0.txt|Cuadratica          |IHEAIHEA_M                    | 412      |85,00   |1,000000|352,62        |352,62      |0,000000|10632,00  |0,000000
instancia_D366i_0.txt|Cuadratica          |IHEAIHEA_A                    | 412      |85,00   |1,000000|352,62        |352,62      |0,000000|12918,00  |0,000000
instancia_D366i_0.txt|FJSGVNS             |JSGVNS-Int[20]                | 412      |20,00   |0,730000|352,62        |352,61      |0,003300|5482,00   |0,000000

#====================================================================================================|345.9758036029769
instancia_D408c_0.txt|Cuadratica          |IHEAIHEA_M                    | 272      |81,00   |0,990000|345,98        |345,97      |0,002020|5887,00   |0,000000
instancia_D408c_0.txt|Cuadratica          |IHEAIHEA_A                    | 272      |81,00   |1,000000|345,98        |345,98      |0,000000|7974,00   |0,000000
instancia_D408c_0.txt|FJSGVNS             |JSGVNS-Int[20]                | 272      |20,00   |1,000000|345,98        |345,98      |0,000000|7357,00   |0,000000

#====================================================================================================|351.22402900329377
instancia_D400b_0.txt|Cuadratica          |IHEAIHEA_M                    | 452      |86,00   |1,000000|351,22        |351,22      |0,000000|11206,00  |0,000000
instancia_D400b_0.txt|Cuadratica          |IHEAIHEA_A                    | 452      |86,00   |1,000000|351,22        |351,22      |0,000000|12450,00  |0,000000
instancia_D400b_0.txt|FJSGVNS             |JSGVNS-Int[20]                | 452      |20,00   |1,000000|351,22        |351,22      |0,000000|4896,00   |0,000000

#====================================================================================================|231.81134117787764
instancia_D683j_0.txt|Cuadratica          |IHEAIHEA_M                    | 456      |86,00   |0,080000|231,81        |231,79      |0,008117|11650,00  |0,000000
instancia_D683j_0.txt|Cuadratica          |IHEAIHEA_A                    | 456      |86,00   |0,110000|231,81        |231,80      |0,006158|12536,00  |0,000000
instancia_D683j_0.txt|FJSGVNS             |JSGVNS-Int[20]                | 456      |20,00   |0,960000|231,81        |231,81      |0,000181|8148,00   |0,000000

#====================================================================================================|495.4685415772098
instancia_D442g_0.txt|Cuadratica          |IHEAIHEA_M                    | 301      |82,00   |1,000000|495,47        |495,47      |0,000000|7864,00   |0,000000
instancia_D442g_0.txt|Cuadratica          |IHEAIHEA_A                    | 301      |82,00   |1,000000|495,47        |495,47      |0,000000|11828,00  |0,000000
instancia_D442g_0.txt|FJSGVNS             |JSGVNS-Int[20]                | 301      |20,00   |1,000000|495,47        |495,47      |0,000000|4726,00   |0,000000

#====================================================================================================|252.62314760441353
instancia_D354c_0.txt|Cuadratica          |IHEAIHEA_M                    | 347      |83,00   |1,000000|252,62        |252,62      |0,000000|8295,00   |0,000000
instancia_D354c_0.txt|Cuadratica          |IHEAIHEA_A                    | 347      |83,00   |1,000000|252,62        |252,62      |0,000000|10882,00  |0,000000
instancia_D354c_0.txt|FJSGVNS             |JSGVNS-Int[20]                | 347      |20,00   |1,000000|252,62        |252,62      |0,000000|8555,00   |0,000000

#====================================================================================================|251.89173701856885
instancia_D345j_0.txt|Cuadratica          |IHEAIHEA_M                    | 401      |85,00   |0,940000|251,89        |251,89      |0,001960|10639,00  |0,000000
instancia_D345j_0.txt|Cuadratica          |IHEAIHEA_A                    | 401      |85,00   |0,970000|251,89        |251,89      |0,001740|12356,00  |0,000000
instancia_D345j_0.txt|FJSGVNS             |JSGVNS-Int[20]                | 401      |20,00   |0,730000|251,89        |251,88      |0,002681|3642,00   |0,000000

#====================================================================================================|379.28457580279115
instancia_D654f_0.txt|Cuadratica          |IHEAIHEA_M                    | 624      |89,00   |0,600000|379,28        |379,19      |0,025158|14218,00  |0,000000
instancia_D654f_0.txt|Cuadratica          |IHEAIHEA_A                    | 624      |89,00   |1,000000|379,28        |379,28      |0,000000|13513,00  |0,000000
instancia_D654f_0.txt|FJSGVNS             |JSGVNS-Int[20]                | 624      |20,00   |0,650000|379,28        |379,25      |0,008748|7194,00   |0,000000

#====================================================================================================|252.92992037862388
instancia_D413a_0.txt|Cuadratica          |IHEAIHEA_M                    | 405      |85,00   |1,000000|252,93        |252,93      |0,000000|9729,00   |0,000000
instancia_D413a_0.txt|Cuadratica          |IHEAIHEA_A                    | 405      |85,00   |1,000000|252,93        |252,93      |-0,000000|11787,00  |0,000000
instancia_D413a_0.txt|FJSGVNS             |JSGVNS-Int[20]                | 405      |20,00   |1,000000|252,93        |252,93      |0,000000|7616,00   |0,000000

#====================================================================================================|170.76996028339434
instancia_D389h_0.txt|Cuadratica          |IHEAIHEA_M                    | 323      |82,00   |1,000000|170,77        |170,77      |0,000000|7908,00   |0,000000
instancia_D389h_0.txt|Cuadratica          |IHEAIHEA_A                    | 323      |82,00   |1,000000|170,77        |170,77      |0,000000|11043,00  |0,000000
instancia_D389h_0.txt|FJSGVNS             |JSGVNS-Int[20]                | 323      |20,00   |1,000000|170,77        |170,77      |0,000000|2992,00   |0,000000

#====================================================================================================|352.2538489214945
instancia_D321f_0.txt|Cuadratica          |IHEAIHEA_M                    | 430      |85,00   |1,000000|352,25        |352,25      |0,000000|10196,00  |0,000000
instancia_D321f_0.txt|Cuadratica          |IHEAIHEA_A                    | 430      |85,00   |1,000000|352,25        |352,25      |0,000000|12348,00  |0,000000
instancia_D321f_0.txt|FJSGVNS             |JSGVNS-Int[20]                | 430      |20,00   |1,000000|352,25        |352,25      |0,000000|4739,00   |0,000000

#====================================================================================================|231.6122889604281
instancia_D313e_0.txt|Cuadratica          |IHEAIHEA_M                    | 426      |85,00   |1,000000|231,61        |231,61      |0,000000|9258,00   |0,000000
instancia_D313e_0.txt|Cuadratica          |IHEAIHEA_A                    | 426      |85,00   |1,000000|231,61        |231,61      |0,000000|11336,00  |0,000000
instancia_D313e_0.txt|FJSGVNS             |JSGVNS-Int[20]                | 426      |20,00   |1,000000|231,61        |231,61      |0,000000|14326,00  |0,000000

#====================================================================================================|528.142214897213
instancia_D391h_0.txt|Cuadratica          |IHEAIHEA_M                    | 891      |94,00   |1,000000|528,14        |528,14      |0,000000|15046,00  |0,000000
instancia_D391h_0.txt|Cuadratica          |IHEAIHEA_A                    | 891      |94,00   |1,000000|528,14        |528,14      |0,000000|14081,00  |0,000000
instancia_D391h_0.txt|FJSGVNS             |JSGVNS-Int[20]                | 891      |20,00   |0,240000|528,14        |528,08      |0,011251|9154,00   |0,000000

#====================================================================================================|457.50411313380795
instancia_D385g_0.txt|Cuadratica          |IHEAIHEA_M                    | 521      |87,00   |1,000000|457,50        |457,50      |0,000000|13235,00  |0,000000
instancia_D385g_0.txt|Cuadratica          |IHEAIHEA_A                    | 521      |87,00   |1,000000|457,50        |457,50      |0,000000|12928,00  |0,000000
instancia_D385g_0.txt|FJSGVNS             |JSGVNS-Int[20]                | 521      |20,00   |0,920000|457,50        |457,48      |0,004793|6330,00   |0,000000

#====================================================================================================|492.90376168365935
instancia_D426a_0.txt|Cuadratica          |IHEAIHEA_M                    | 424      |85,00   |1,000000|492,90        |492,90      |0,000000|9797,00   |0,000000
instancia_D426a_0.txt|Cuadratica          |IHEAIHEA_A                    | 424      |85,00   |1,000000|492,90        |492,90      |0,000000|11787,00  |0,000000
instancia_D426a_0.txt|FJSGVNS             |JSGVNS-Int[20]                | 424      |20,00   |1,000000|492,90        |492,90      |0,000000|6151,00   |0,000000

#====================================================================================================|252.86402234709595
instancia_D446j_0.txt|Cuadratica          |IHEAIHEA_M                    | 332      |83,00   |1,000000|252,86        |252,86      |0,000000|7752,00   |0,000000
instancia_D446j_0.txt|Cuadratica          |IHEAIHEA_A                    | 332      |83,00   |1,000000|252,86        |252,86      |0,000000|10122,00  |0,000000
instancia_D446j_0.txt|FJSGVNS             |JSGVNS-Int[20]                | 332      |20,00   |1,000000|252,86        |252,86      |0,000000|4105,00   |0,000000

#====================================================================================================|299.96362560083213
instancia_D311i_0.txt|Cuadratica          |IHEAIHEA_M                    | 592      |89,00   |0,080000|299,96        |299,91      |0,018666|13884,00  |0,000000
instancia_D311i_0.txt|Cuadratica          |IHEAIHEA_A                    | 592      |89,00   |0,210000|299,96        |299,92      |0,013190|13281,00  |0,000000
instancia_D311i_0.txt|FJSGVNS             |JSGVNS-Int[20]                | 592      |20,00   |0,600000|299,96        |299,94      |0,008946|7786,00   |0,000000

#====================================================================================================|298.19621824811315
instancia_D374a_0.txt|Cuadratica          |IHEAIHEA_M                    | 344      |83,00   |1,000000|298,20        |298,20      |0,000000|8092,00   |0,000000
instancia_D374a_0.txt|Cuadratica          |IHEAIHEA_A                    | 344      |83,00   |1,000000|298,20        |298,20      |0,000000|10747,00  |0,000000
instancia_D374a_0.txt|FJSGVNS             |JSGVNS-Int[20]                | 344      |20,00   |1,000000|298,20        |298,20      |0,000000|4496,00   |0,000000

#====================================================================================================|434.68978416060656
instancia_D370i_0.txt|Cuadratica          |IHEAIHEA_M                    | 370      |84,00   |1,000000|434,69        |434,69      |0,000000|9157,00   |0,000000
instancia_D370i_0.txt|Cuadratica          |IHEAIHEA_A                    | 370      |84,00   |1,000000|434,69        |434,69      |0,000000|11922,00  |0,000000
instancia_D370i_0.txt|FJSGVNS             |JSGVNS-Int[20]                | 370      |20,00   |1,000000|434,69        |434,69      |0,000000|4423,00   |0,000000

#====================================================================================================|467.3605138375974
instancia_D694j_0.txt|Cuadratica          |IHEAIHEA_M                    | 301      |82,00   |1,000000|467,36        |467,36      |0,000000|8093,00   |0,000000
instancia_D694j_0.txt|Cuadratica          |IHEAIHEA_A                    | 301      |82,00   |1,000000|467,36        |467,36      |0,000000|11799,00  |0,000000
instancia_D694j_0.txt|FJSGVNS             |JSGVNS-Int[20]                | 301      |20,00   |0,930000|467,36        |467,36      |0,000104|5966,00   |0,000000

#====================================================================================================|467.7993206652967
instancia_D350a_0.txt|Cuadratica          |IHEAIHEA_M                    | 502      |87,00   |0,990000|467,80        |467,80      |0,000331|13215,00  |0,000000
instancia_D350a_0.txt|Cuadratica          |IHEAIHEA_A                    | 502      |87,00   |1,000000|467,80        |467,80      |0,000000|13102,00  |0,000000
instancia_D350a_0.txt|FJSGVNS             |JSGVNS-Int[20]                | 502      |20,00   |0,920000|467,80        |467,79      |0,001544|6456,00   |0,000000

#====================================================================================================|379.6150985424799
instancia_D346h_0.txt|Cuadratica          |IHEAIHEA_M                    | 465      |86,00   |1,000000|379,62        |379,62      |0,000000|11826,00  |0,000000
instancia_D346h_0.txt|Cuadratica          |IHEAIHEA_A                    | 465      |86,00   |1,000000|379,62        |379,62      |0,000000|12476,00  |0,000000
instancia_D346h_0.txt|FJSGVNS             |JSGVNS-Int[20]                | 465      |20,00   |1,000000|379,62        |379,62      |0,000000|5996,00   |0,000000

#====================================================================================================|462.7286314967955
instancia_D383j_0.txt|Cuadratica          |IHEAIHEA_M                    | 407      |85,00   |1,000000|462,73        |462,73      |0,000000|10274,00  |0,000000
instancia_D383j_0.txt|Cuadratica          |IHEAIHEA_A                    | 407      |85,00   |1,000000|462,73        |462,73      |0,000000|11946,00  |0,000000
instancia_D383j_0.txt|FJSGVNS             |JSGVNS-Int[20]                | 407      |20,00   |1,000000|462,73        |462,73      |0,000000|7269,00   |0,000000

--------------------RESUMEN-----------------
Algoritmo[IHEAIHEA_M]
aciertos:83,33%
desviacion:0,083055
tiempo promedio:9821,80ms
-----------
Algoritmo[IHEAIHEA_A]
aciertos:89,07%
desviacion:0,003040
tiempo promedio:11710,65ms
-----------
Algoritmo[JSGVNS-Int[20]]
aciertos:92,02%
desviacion:0,001735
tiempo promedio:7215,09ms
-----------
BUILD SUCCESSFUL (total time: 25 minutes 36 seconds)
