----------------------------------------------------------.
Numero Intentos:1
NPI: Numero iteraciones promedio.
TP: Tiempo Promedio.
TE: Tasa de exito.
DPR: Desviación porcentual relativa.
----------------------------------------------------------.
NOMBRE              |FUNCION             |ALGORITMO                     |DIMENSION |NPI     |TE      |MEJOR OPTIMO  |PROM OPTIMOS|DPR     |TP        |EVALUACIONES   

#====================================================================================================|252.92962106312802

instancia_D434b_0.txt|Cuadratica          |IHEAIHEA_M                    | 623      |89,00   |0,000000|252,75        |252,75      |0,069733|4307,00   |0,000000       
instancia_D434b_0.txt|Cuadratica          |IHEAIHEA_A                    | 623      |89,00   |1,000000|252,93        |252,93      |0,000000|3955,00   |0,000000       
instancia_D434b_0.txt|FJSGVNS             |JSGVNS-Int[20]                | 623      |20,00   |1,000000|252,93        |252,93      |0,000000|2963,00   |0,000000       


#====================================================================================================|617.9711787556097

instancia_D343c_0.txt|Cuadratica          |IHEAIHEA_M                    | 359      |83,00   |1,000000|617,97        |617,97      |0,000000|3862,00   |0,000000       
instancia_D343c_0.txt|Cuadratica          |IHEAIHEA_A                    | 359      |83,00   |1,000000|617,97        |617,97      |0,000000|3278,00   |0,000000       
instancia_D343c_0.txt|FJSGVNS             |JSGVNS-Int[20]                | 359      |20,00   |1,000000|617,97        |617,97      |0,000000|3265,00   |0,000000       


#====================================================================================================|350.60543936528046

instancia_D633g_0.txt|Cuadratica          |IHEAIHEA_M                    | 403      |85,00   |1,000000|350,61        |350,61      |0,000000|3781,00   |0,000000       
instancia_D633g_0.txt|Cuadratica          |IHEAIHEA_A                    | 403      |85,00   |1,000000|350,61        |350,61      |0,000000|3669,00   |0,000000       
instancia_D633g_0.txt|FJSGVNS             |JSGVNS-Int[20]                | 403      |20,00   |1,000000|350,61        |350,61      |0,000000|4591,00   |0,000000       


#====================================================================================================|375.8792621330445

instancia_D436j_0.txt|Cuadratica          |IHEAIHEA_M                    | 385      |84,00   |1,000000|375,88        |375,88      |0,000000|3989,00   |0,000000       
instancia_D436j_0.txt|Cuadratica          |IHEAIHEA_A                    | 385      |84,00   |1,000000|375,88        |375,88      |0,000000|3294,00   |0,000000       
instancia_D436j_0.txt|FJSGVNS             |JSGVNS-Int[20]                | 385      |20,00   |1,000000|375,88        |375,88      |0,000000|2846,00   |0,000000       


#====================================================================================================|256.95046153570814

instancia_D428e_0.txt|Cuadratica          |IHEAIHEA_M                    | 455      |86,00   |1,000000|256,95        |256,95      |0,000000|3918,00   |0,000000       
instancia_D428e_0.txt|Cuadratica          |IHEAIHEA_A                    | 455      |86,00   |1,000000|256,95        |256,95      |0,000000|3669,00   |0,000000       
instancia_D428e_0.txt|FJSGVNS             |JSGVNS-Int[20]                | 455      |20,00   |0,000000|256,85        |256,85      |0,037494|3240,00   |0,000000       


#====================================================================================================|402.24940099442927

instancia_D435f_0.txt|Cuadratica          |IHEAIHEA_M                    | 443      |86,00   |0,000000|401,90        |401,90      |0,086020|3739,00   |0,000000       
instancia_D435f_0.txt|Cuadratica          |IHEAIHEA_A                    | 443      |86,00   |1,000000|402,25        |402,25      |0,000000|3852,00   |0,000000       
instancia_D435f_0.txt|FJSGVNS             |JSGVNS-Int[20]                | 443      |20,00   |1,000000|402,25        |402,25      |0,000000|2512,00   |0,000000       


#====================================================================================================|173.5196952552482

instancia_D401e_0.txt|Cuadratica          |IHEAIHEA_M                    | 346      |83,00   |0,000000|173,48        |173,48      |0,024303|3746,00   |0,000000       
instancia_D401e_0.txt|Cuadratica          |IHEAIHEA_A                    | 346      |83,00   |0,000000|173,47        |173,47      |0,031252|3274,00   |0,000000       
instancia_D401e_0.txt|FJSGVNS             |JSGVNS-Int[20]                | 346      |20,00   |1,000000|173,52        |173,52      |0,000000|2386,00   |0,000000       


#====================================================================================================|585.2034964824271

instancia_D695c_0.txt|Cuadratica          |IHEAIHEA_M                    | 502      |87,00   |1,000000|585,20        |585,20      |0,000000|4080,00   |0,000000       
instancia_D695c_0.txt|Cuadratica          |IHEAIHEA_A                    | 502      |87,00   |1,000000|585,20        |585,20      |0,000000|3870,00   |0,000000       
instancia_D695c_0.txt|FJSGVNS             |JSGVNS-Int[20]                | 502      |20,00   |1,000000|585,20        |585,20      |0,000000|2822,00   |0,000000       


#====================================================================================================|234.34062453722333

instancia_D307b_0.txt|Cuadratica          |IHEAIHEA_M                    | 386      |84,00   |1,000000|234,34        |234,34      |0,000000|3925,00   |0,000000       
instancia_D307b_0.txt|Cuadratica          |IHEAIHEA_A                    | 386      |84,00   |1,000000|234,34        |234,34      |0,000000|3062,00   |0,000000       
instancia_D307b_0.txt|FJSGVNS             |JSGVNS-Int[20]                | 386      |20,00   |1,000000|234,34        |234,34      |0,000000|2836,00   |0,000000       


#====================================================================================================|258.0391439698407

instancia_D407b_0.txt|Cuadratica          |IHEAIHEA_M                    | 347      |83,00   |1,000000|258,04        |258,04      |0,000000|3779,00   |0,000000       
instancia_D407b_0.txt|Cuadratica          |IHEAIHEA_A                    | 347      |83,00   |1,000000|258,04        |258,04      |0,000000|3096,00   |0,000000       
instancia_D407b_0.txt|FJSGVNS             |JSGVNS-Int[20]                | 347      |20,00   |1,000000|258,04        |258,04      |0,000000|2256,00   |0,000000       


--------------------RESUMEN-----------------
Algoritmo[IHEAIHEA_M]
aciertos:70,00%
desviacion:0,018006
tiempo promedio:3912,60ms
-----------
Algoritmo[IHEAIHEA_A]
aciertos:90,00%
desviacion:0,003125
tiempo promedio:3501,90ms
-----------
Algoritmo[JSGVNS-Int[20]]
aciertos:90,00%
desviacion:0,003749
tiempo promedio:2971,70ms
-----------
BUILD SUCCESSFUL (total time: 29 seconds)