----------------------------------------------------------.
Numero Intentos:1
NPI: Numero iteraciones promedio.
TP: Tiempo Promedio.
TE: Tasa de exito.
DPR: Desviación porcentual relativa.
----------------------------------------------------------.
NOMBRE              |FUNCION             |ALGORITMO                     |DIMENSION |NPI     |TE      |MEJOR OPTIMO  |PROM OPTIMOS|DPR     |TP        |EVALUACIONES   

#====================================================================================================|18558.0

jeu_100_25_1.txt    |Cuadratica          |IHEAIHEA                      | 100      |75,00   |0,000000|18525,00      |18525,00    |0,177821|9226,00   |0,000000       
jeu_100_25_1.txt    |Cuadratica          |IHEAIHEA_M                    | 100      |75,00   |1,000000|18558,00      |18558,00    |0,000000|5105,00   |0,000000       
jeu_100_25_1.txt    |Cuadratica          |IHEAIHEA_A                    | 100      |75,00   |1,000000|18558,00      |18558,00    |0,000000|4115,00   |0,000000       


#====================================================================================================|56525.0

jeu_100_25_2.txt    |Cuadratica          |IHEAIHEA                      | 100      |75,00   |1,000000|56525,00      |56525,00    |0,000000|7806,00   |0,000000       
jeu_100_25_2.txt    |Cuadratica          |IHEAIHEA_M                    | 100      |75,00   |1,000000|56525,00      |56525,00    |0,000000|2789,00   |0,000000       
jeu_100_25_2.txt    |Cuadratica          |IHEAIHEA_A                    | 100      |75,00   |1,000000|56525,00      |56525,00    |0,000000|3375,00   |0,000000       


#====================================================================================================|3752.0

jeu_100_25_3.txt    |Cuadratica          |IHEAIHEA                      | 100      |75,00   |0,000000|3717,00       |3717,00     |0,932836|8769,00   |0,000000       
jeu_100_25_3.txt    |Cuadratica          |IHEAIHEA_M                    | 100      |75,00   |1,000000|3752,00       |3752,00     |0,000000|4466,00   |0,000000       
jeu_100_25_3.txt    |Cuadratica          |IHEAIHEA_A                    | 100      |75,00   |1,000000|3752,00       |3752,00     |0,000000|3707,00   |0,000000       


#====================================================================================================|50382.0

jeu_100_25_4.txt    |Cuadratica          |IHEAIHEA                      | 100      |75,00   |0,000000|50357,00      |50357,00    |0,049621|7871,00   |0,000000       
jeu_100_25_4.txt    |Cuadratica          |IHEAIHEA_M                    | 100      |75,00   |1,000000|50382,00      |50382,00    |0,000000|3504,00   |0,000000       
jeu_100_25_4.txt    |Cuadratica          |IHEAIHEA_A                    | 100      |75,00   |1,000000|50382,00      |50382,00    |0,000000|3783,00   |0,000000       


#====================================================================================================|61494.0

jeu_100_25_5.txt    |Cuadratica          |IHEAIHEA                      | 100      |75,00   |1,000000|61494,00      |61494,00    |0,000000|7134,00   |0,000000       
jeu_100_25_5.txt    |Cuadratica          |IHEAIHEA_M                    | 100      |75,00   |1,000000|61494,00      |61494,00    |0,000000|2332,00   |0,000000       
jeu_100_25_5.txt    |Cuadratica          |IHEAIHEA_A                    | 100      |75,00   |1,000000|61494,00      |61494,00    |0,000000|2969,00   |0,000000       


#====================================================================================================|36360.0

jeu_100_25_6.txt    |Cuadratica          |IHEAIHEA                      | 100      |75,00   |0,000000|36242,00      |36242,00    |0,324532|8452,00   |0,000000       
jeu_100_25_6.txt    |Cuadratica          |IHEAIHEA_M                    | 100      |75,00   |1,000000|36360,00      |36360,00    |0,000000|4754,00   |0,000000       
jeu_100_25_6.txt    |Cuadratica          |IHEAIHEA_A                    | 100      |75,00   |1,000000|36360,00      |36360,00    |0,000000|3990,00   |0,000000       


#====================================================================================================|14657.0

jeu_100_25_7.txt    |Cuadratica          |IHEAIHEA                      | 100      |75,00   |1,000000|14657,00      |14657,00    |0,000000|9226,00   |0,000000       
jeu_100_25_7.txt    |Cuadratica          |IHEAIHEA_M                    | 100      |75,00   |1,000000|14657,00      |14657,00    |0,000000|4507,00   |0,000000       
jeu_100_25_7.txt    |Cuadratica          |IHEAIHEA_A                    | 100      |75,00   |1,000000|14657,00      |14657,00    |0,000000|4066,00   |0,000000       


#====================================================================================================|20452.0

jeu_100_25_8.txt    |Cuadratica          |IHEAIHEA                      | 100      |75,00   |0,000000|20358,00      |20358,00    |0,459613|9118,00   |0,000000       
jeu_100_25_8.txt    |Cuadratica          |IHEAIHEA_M                    | 100      |75,00   |1,000000|20452,00      |20452,00    |0,000000|5080,00   |0,000000       
jeu_100_25_8.txt    |Cuadratica          |IHEAIHEA_A                    | 100      |75,00   |1,000000|20452,00      |20452,00    |0,000000|4101,00   |0,000000       


#====================================================================================================|35438.0

jeu_100_25_9.txt    |Cuadratica          |IHEAIHEA                      | 100      |75,00   |1,000000|35438,00      |35438,00    |0,000000|8323,00   |0,000000       
jeu_100_25_9.txt    |Cuadratica          |IHEAIHEA_M                    | 100      |75,00   |1,000000|35438,00      |35438,00    |0,000000|4338,00   |0,000000       
jeu_100_25_9.txt    |Cuadratica          |IHEAIHEA_A                    | 100      |75,00   |1,000000|35438,00      |35438,00    |0,000000|3714,00   |0,000000       


#====================================================================================================|24930.0

jeu_100_25_10.txt   |Cuadratica          |IHEAIHEA                      | 100      |75,00   |1,000000|24930,00      |24930,00    |0,000000|9075,00   |0,000000       
jeu_100_25_10.txt   |Cuadratica          |IHEAIHEA_M                    | 100      |75,00   |1,000000|24930,00      |24930,00    |0,000000|5037,00   |0,000000       
jeu_100_25_10.txt   |Cuadratica          |IHEAIHEA_A                    | 100      |75,00   |1,000000|24930,00      |24930,00    |0,000000|4019,00   |0,000000       


#====================================================================================================|83742.0

jeu_100_50_1.txt    |Cuadratica          |IHEAIHEA                      | 100      |75,00   |1,000000|83742,00      |83742,00    |0,000000|8642,00   |0,000000       
jeu_100_50_1.txt    |Cuadratica          |IHEAIHEA_M                    | 100      |75,00   |1,000000|83742,00      |83742,00    |0,000000|4402,00   |0,000000       
jeu_100_50_1.txt    |Cuadratica          |IHEAIHEA_A                    | 100      |75,00   |1,000000|83742,00      |83742,00    |0,000000|4058,00   |0,000000       


#====================================================================================================|104856.0

jeu_100_50_2.txt    |Cuadratica          |IHEAIHEA                      | 100      |75,00   |0,000000|104770,00     |104770,00   |0,082017|7981,00   |0,000000       
jeu_100_50_2.txt    |Cuadratica          |IHEAIHEA_M                    | 100      |75,00   |1,000000|104856,00     |104856,00   |0,000000|3864,00   |0,000000       
jeu_100_50_2.txt    |Cuadratica          |IHEAIHEA_A                    | 100      |75,00   |1,000000|104856,00     |104856,00   |0,000000|3915,00   |0,000000       


#====================================================================================================|34006.0

jeu_100_50_3.txt    |Cuadratica          |IHEAIHEA                      | 100      |75,00   |0,000000|33902,00      |33902,00    |0,305828|9141,00   |0,000000       
jeu_100_50_3.txt    |Cuadratica          |IHEAIHEA_M                    | 100      |75,00   |1,000000|34006,00      |34006,00    |0,000000|5075,00   |0,000000       
jeu_100_50_3.txt    |Cuadratica          |IHEAIHEA_A                    | 100      |75,00   |1,000000|34006,00      |34006,00    |0,000000|3866,00   |0,000000       


#====================================================================================================|105996.0

jeu_100_50_4.txt    |Cuadratica          |IHEAIHEA                      | 100      |75,00   |1,000000|105996,00     |105996,00   |0,000000|7848,00   |0,000000       
jeu_100_50_4.txt    |Cuadratica          |IHEAIHEA_M                    | 100      |75,00   |1,000000|105996,00     |105996,00   |0,000000|3254,00   |0,000000       
jeu_100_50_4.txt    |Cuadratica          |IHEAIHEA_A                    | 100      |75,00   |1,000000|105996,00     |105996,00   |0,000000|3596,00   |0,000000       


#====================================================================================================|56464.0

jeu_100_50_5.txt    |Cuadratica          |IHEAIHEA                      | 100      |75,00   |0,000000|56413,00      |56413,00    |0,090323|8793,00   |0,000000       
jeu_100_50_5.txt    |Cuadratica          |IHEAIHEA_M                    | 100      |75,00   |1,000000|56464,00      |56464,00    |0,000000|4992,00   |0,000000       
jeu_100_50_5.txt    |Cuadratica          |IHEAIHEA_A                    | 100      |75,00   |1,000000|56464,00      |56464,00    |0,000000|3629,00   |0,000000       


#====================================================================================================|16083.0

jeu_100_50_6.txt    |Cuadratica          |IHEAIHEA                      | 100      |75,00   |0,000000|16080,00      |16080,00    |0,018653|9127,00   |0,000000       
jeu_100_50_6.txt    |Cuadratica          |IHEAIHEA_M                    | 100      |75,00   |1,000000|16083,00      |16083,00    |0,000000|4989,00   |0,000000       
jeu_100_50_6.txt    |Cuadratica          |IHEAIHEA_A                    | 100      |75,00   |1,000000|16083,00      |16083,00    |0,000000|3860,00   |0,000000       


#====================================================================================================|52819.0

jeu_100_50_7.txt    |Cuadratica          |IHEAIHEA                      | 100      |75,00   |1,000000|52819,00      |52819,00    |0,000000|9105,00   |0,000000       
jeu_100_50_7.txt    |Cuadratica          |IHEAIHEA_M                    | 100      |75,00   |1,000000|52819,00      |52819,00    |0,000000|4973,00   |0,000000       
jeu_100_50_7.txt    |Cuadratica          |IHEAIHEA_A                    | 100      |75,00   |1,000000|52819,00      |52819,00    |0,000000|3806,00   |0,000000       


#====================================================================================================|54246.0

jeu_100_50_8.txt    |Cuadratica          |IHEAIHEA                      | 100      |75,00   |1,000000|54246,00      |54246,00    |0,000000|9196,00   |0,000000       
jeu_100_50_8.txt    |Cuadratica          |IHEAIHEA_M                    | 100      |75,00   |1,000000|54246,00      |54246,00    |0,000000|5018,00   |0,000000       
jeu_100_50_8.txt    |Cuadratica          |IHEAIHEA_A                    | 100      |75,00   |1,000000|54246,00      |54246,00    |0,000000|4109,00   |0,000000       


#====================================================================================================|68974.0

jeu_100_50_9.txt    |Cuadratica          |IHEAIHEA                      | 100      |75,00   |1,000000|68974,00      |68974,00    |0,000000|8375,00   |0,000000       
jeu_100_50_9.txt    |Cuadratica          |IHEAIHEA_M                    | 100      |75,00   |1,000000|68974,00      |68974,00    |0,000000|4193,00   |0,000000       
jeu_100_50_9.txt    |Cuadratica          |IHEAIHEA_A                    | 100      |75,00   |1,000000|68974,00      |68974,00    |0,000000|3698,00   |0,000000       


#====================================================================================================|88634.0

jeu_100_50_10.txt   |Cuadratica          |IHEAIHEA                      | 100      |75,00   |0,000000|88256,00      |88256,00    |0,426473|8208,00   |0,000000       
jeu_100_50_10.txt   |Cuadratica          |IHEAIHEA_M                    | 100      |75,00   |1,000000|88634,00      |88634,00    |0,000000|4457,00   |0,000000       
jeu_100_50_10.txt   |Cuadratica          |IHEAIHEA_A                    | 100      |75,00   |1,000000|88634,00      |88634,00    |0,000000|3897,00   |0,000000       


#====================================================================================================|189137.0

jeu_100_75_1.txt    |Cuadratica          |IHEAIHEA                      | 100      |75,00   |1,000000|189137,00     |189137,00   |0,000000|6068,00   |0,000000       
jeu_100_75_1.txt    |Cuadratica          |IHEAIHEA_M                    | 100      |75,00   |1,000000|189137,00     |189137,00   |0,000000|1319,00   |0,000000       
jeu_100_75_1.txt    |Cuadratica          |IHEAIHEA_A                    | 100      |75,00   |1,000000|189137,00     |189137,00   |0,000000|1683,00   |0,000000       


#====================================================================================================|95074.0

jeu_100_75_2.txt    |Cuadratica          |IHEAIHEA                      | 100      |75,00   |0,000000|95007,00      |95007,00    |0,070471|8900,00   |0,000000       
jeu_100_75_2.txt    |Cuadratica          |IHEAIHEA_M                    | 100      |75,00   |1,000000|95074,00      |95074,00    |0,000000|4883,00   |0,000000       
jeu_100_75_2.txt    |Cuadratica          |IHEAIHEA_A                    | 100      |75,00   |1,000000|95074,00      |95074,00    |0,000000|3906,00   |0,000000       


#====================================================================================================|62098.0

jeu_100_75_3.txt    |Cuadratica          |IHEAIHEA                      | 100      |75,00   |1,000000|62098,00      |62098,00    |0,000000|8924,00   |0,000000       
jeu_100_75_3.txt    |Cuadratica          |IHEAIHEA_M                    | 100      |75,00   |1,000000|62098,00      |62098,00    |0,000000|4998,00   |0,000000       
jeu_100_75_3.txt    |Cuadratica          |IHEAIHEA_A                    | 100      |75,00   |1,000000|62098,00      |62098,00    |0,000000|4041,00   |0,000000       


#====================================================================================================|72245.0

jeu_100_75_4.txt    |Cuadratica          |IHEAIHEA                      | 100      |75,00   |0,000000|71902,00      |71902,00    |0,474773|9019,00   |0,000000       
jeu_100_75_4.txt    |Cuadratica          |IHEAIHEA_M                    | 100      |75,00   |1,000000|72245,00      |72245,00    |0,000000|5216,00   |0,000000       
jeu_100_75_4.txt    |Cuadratica          |IHEAIHEA_A                    | 100      |75,00   |1,000000|72245,00      |72245,00    |0,000000|4122,00   |0,000000       


#====================================================================================================|27616.0

jeu_100_75_5.txt    |Cuadratica          |IHEAIHEA                      | 100      |75,00   |1,000000|27616,00      |27616,00    |0,000000|8834,00   |0,000000       
jeu_100_75_5.txt    |Cuadratica          |IHEAIHEA_M                    | 100      |75,00   |1,000000|27616,00      |27616,00    |0,000000|5261,00   |0,000000       
jeu_100_75_5.txt    |Cuadratica          |IHEAIHEA_A                    | 100      |75,00   |1,000000|27616,00      |27616,00    |0,000000|4067,00   |0,000000       


#====================================================================================================|145273.0

jeu_100_75_6.txt    |Cuadratica          |IHEAIHEA                      | 100      |75,00   |1,000000|145273,00     |145273,00   |0,000000|8176,00   |0,000000       
jeu_100_75_6.txt    |Cuadratica          |IHEAIHEA_M                    | 100      |75,00   |1,000000|145273,00     |145273,00   |0,000000|3872,00   |0,000000       
jeu_100_75_6.txt    |Cuadratica          |IHEAIHEA_A                    | 100      |75,00   |1,000000|145273,00     |145273,00   |0,000000|3542,00   |0,000000       


#====================================================================================================|110979.0

jeu_100_75_7.txt    |Cuadratica          |IHEAIHEA                      | 100      |75,00   |1,000000|110979,00     |110979,00   |0,000000|8168,00   |0,000000       
jeu_100_75_7.txt    |Cuadratica          |IHEAIHEA_M                    | 100      |75,00   |1,000000|110979,00     |110979,00   |0,000000|4927,00   |0,000000       
jeu_100_75_7.txt    |Cuadratica          |IHEAIHEA_A                    | 100      |75,00   |1,000000|110979,00     |110979,00   |0,000000|3653,00   |0,000000       


#====================================================================================================|19570.0

jeu_100_75_8.txt    |Cuadratica          |IHEAIHEA                      | 100      |75,00   |1,000000|19570,00      |19570,00    |0,000000|8839,00   |0,000000       
jeu_100_75_8.txt    |Cuadratica          |IHEAIHEA_M                    | 100      |75,00   |1,000000|19570,00      |19570,00    |0,000000|5056,00   |0,000000       
jeu_100_75_8.txt    |Cuadratica          |IHEAIHEA_A                    | 100      |75,00   |1,000000|19570,00      |19570,00    |0,000000|3919,00   |0,000000       


#====================================================================================================|104341.0

jeu_100_75_9.txt    |Cuadratica          |IHEAIHEA                      | 100      |75,00   |0,000000|103683,00     |103683,00   |0,630625|8567,00   |0,000000       
jeu_100_75_9.txt    |Cuadratica          |IHEAIHEA_M                    | 100      |75,00   |1,000000|104341,00     |104341,00   |0,000000|4748,00   |0,000000       
jeu_100_75_9.txt    |Cuadratica          |IHEAIHEA_A                    | 100      |75,00   |1,000000|104341,00     |104341,00   |0,000000|3786,00   |0,000000       


#====================================================================================================|143740.0

jeu_100_75_10.txt   |Cuadratica          |IHEAIHEA                      | 100      |75,00   |1,000000|143740,00     |143740,00   |0,000000|7231,00   |0,000000       
jeu_100_75_10.txt   |Cuadratica          |IHEAIHEA_M                    | 100      |75,00   |1,000000|143740,00     |143740,00   |0,000000|4077,00   |0,000000       
jeu_100_75_10.txt   |Cuadratica          |IHEAIHEA_A                    | 100      |75,00   |1,000000|143740,00     |143740,00   |0,000000|3855,00   |0,000000       


#====================================================================================================|81978.0

jeu_100_100_1.txt   |Cuadratica          |IHEAIHEA                      | 100      |75,00   |0,000000|81961,00      |81961,00    |0,020737|9331,00   |0,000000       
jeu_100_100_1.txt   |Cuadratica          |IHEAIHEA_M                    | 100      |75,00   |1,000000|81978,00      |81978,00    |0,000000|5207,00   |0,000000       
jeu_100_100_1.txt   |Cuadratica          |IHEAIHEA_A                    | 100      |75,00   |1,000000|81978,00      |81978,00    |0,000000|3897,00   |0,000000       


#====================================================================================================|190424.0

jeu_100_100_2.txt   |Cuadratica          |IHEAIHEA                      | 100      |75,00   |0,000000|190338,00     |190338,00   |0,045162|7829,00   |0,000000       
jeu_100_100_2.txt   |Cuadratica          |IHEAIHEA_M                    | 100      |75,00   |1,000000|190424,00     |190424,00   |0,000000|3691,00   |0,000000       
jeu_100_100_2.txt   |Cuadratica          |IHEAIHEA_A                    | 100      |75,00   |1,000000|190424,00     |190424,00   |0,000000|4045,00   |0,000000       


#====================================================================================================|225434.0

jeu_100_100_3.txt   |Cuadratica          |IHEAIHEA                      | 100      |75,00   |1,000000|225434,00     |225434,00   |0,000000|6895,00   |0,000000       
jeu_100_100_3.txt   |Cuadratica          |IHEAIHEA_M                    | 100      |75,00   |1,000000|225434,00     |225434,00   |0,000000|2253,00   |0,000000       
jeu_100_100_3.txt   |Cuadratica          |IHEAIHEA_A                    | 100      |75,00   |1,000000|225434,00     |225434,00   |0,000000|3569,00   |0,000000       


#====================================================================================================|230076.0

jeu_100_100_5.txt   |Cuadratica          |IHEAIHEA                      | 100      |75,00   |1,000000|230076,00     |230076,00   |0,000000|7404,00   |0,000000       
jeu_100_100_5.txt   |Cuadratica          |IHEAIHEA_M                    | 100      |75,00   |1,000000|230076,00     |230076,00   |0,000000|2881,00   |0,000000       
jeu_100_100_5.txt   |Cuadratica          |IHEAIHEA_A                    | 100      |75,00   |1,000000|230076,00     |230076,00   |0,000000|3316,00   |0,000000       


#====================================================================================================|74358.0

jeu_100_100_6.txt   |Cuadratica          |IHEAIHEA                      | 100      |75,00   |0,000000|74229,00      |74229,00    |0,173485|9219,00   |0,000000       
jeu_100_100_6.txt   |Cuadratica          |IHEAIHEA_M                    | 100      |75,00   |1,000000|74358,00      |74358,00    |0,000000|5051,00   |0,000000       
jeu_100_100_6.txt   |Cuadratica          |IHEAIHEA_A                    | 100      |75,00   |1,000000|74358,00      |74358,00    |0,000000|4047,00   |0,000000       


#====================================================================================================|10330.0

jeu_100_100_7.txt   |Cuadratica          |IHEAIHEA                      | 100      |75,00   |1,000000|10330,00      |10330,00    |0,000000|8708,00   |0,000000       
jeu_100_100_7.txt   |Cuadratica          |IHEAIHEA_M                    | 100      |75,00   |1,000000|10330,00      |10330,00    |0,000000|4665,00   |0,000000       
jeu_100_100_7.txt   |Cuadratica          |IHEAIHEA_A                    | 100      |75,00   |1,000000|10330,00      |10330,00    |0,000000|3876,00   |0,000000       


#====================================================================================================|62582.0

jeu_100_100_8.txt   |Cuadratica          |IHEAIHEA                      | 100      |75,00   |0,000000|62484,00      |62484,00    |0,156595|9096,00   |0,000000       
jeu_100_100_8.txt   |Cuadratica          |IHEAIHEA_M                    | 100      |75,00   |1,000000|62582,00      |62582,00    |0,000000|5247,00   |0,000000       
jeu_100_100_8.txt   |Cuadratica          |IHEAIHEA_A                    | 100      |75,00   |1,000000|62582,00      |62582,00    |0,000000|3630,00   |0,000000       


#====================================================================================================|232754.0

jeu_100_100_9.txt   |Cuadratica          |IHEAIHEA                      | 100      |75,00   |0,000000|232701,00     |232701,00   |0,022771|7878,00   |0,000000       
jeu_100_100_9.txt   |Cuadratica          |IHEAIHEA_M                    | 100      |75,00   |0,000000|232497,00     |232497,00   |0,110417|3449,00   |0,000000       
jeu_100_100_9.txt   |Cuadratica          |IHEAIHEA_A                    | 100      |75,00   |1,000000|232754,00     |232754,00   |0,000000|3491,00   |0,000000       


#====================================================================================================|193262.0

jeu_100_100_10.txt  |Cuadratica          |IHEAIHEA                      | 100      |75,00   |0,000000|192522,00     |192522,00   |0,382900|7887,00   |0,000000       
jeu_100_100_10.txt  |Cuadratica          |IHEAIHEA_M                    | 100      |75,00   |1,000000|193262,00     |193262,00   |0,000000|3957,00   |0,000000       
jeu_100_100_10.txt  |Cuadratica          |IHEAIHEA_A                    | 100      |75,00   |1,000000|193262,00     |193262,00   |0,000000|3921,00   |0,000000       


--------------------RESUMEN-----------------
Algoritmo[IHEAIHEA]
aciertos:51,28%
desviacion:0,124237
tiempo promedio:8420,23ms
-----------
Algoritmo[IHEAIHEA_M]
aciertos:97,44%
desviacion:0,002831
tiempo promedio:4304,79ms
-----------
Algoritmo[IHEAIHEA_A]
aciertos:100,00%
desviacion:0,000000
tiempo promedio:3759,97ms
-----------

