----------------------------------------------------------.
Numero Intentos:100
NPI: Numero iteraciones promedio.
TP: Tiempo Promedio.
TE: Tasa de exito.
DPR: Desviación porcentual relativa.
----------------------------------------------------------.
NOMBRE              |FUNCION             |ALGORITMO                     |DIMENSION |NPI     |TE      |MEJOR OPTIMO  |PROM OPTIMOS|DPR     |TP        |EVALUACIONES   

#====================================================================================================|1.1570056E7

1000_75_1.txt       |Cuadratica          |IHEAIHEA_A                    |1000      |96,00   |0,660000|11570056,00   |11570055,66 |0,000003|25993,00  |0,000000       


#====================================================================================================|1901389.0

1000_75_2.txt       |Cuadratica          |IHEAIHEA_A                    |1000      |96,00   |1,000000|1901389,00    |1901389,00  |0,000000|25691,00  |0,000000       


#====================================================================================================|2096485.0

1000_75_3.txt       |Cuadratica          |IHEAIHEA_A                    |1000      |96,00   |0,470000|2096485,00    |2094242,04  |0,106987|35380,00  |0,000000       


#====================================================================================================|7305321.0

1000_75_4.txt       |Cuadratica          |IHEAIHEA_A                    |1000      |96,00   |1,000000|7305321,00    |7305321,00  |0,000000|27174,00  |0,000000       


#====================================================================================================|1.3970842E7

1000_75_5.txt       |Cuadratica          |IHEAIHEA_A                    |1000      |96,00   |0,000000|13970240,00   |13970240,00 |0,004309|25121,00  |0,000000       


#====================================================================================================|1.2288738E7

1000_75_6.txt       |Cuadratica          |IHEAIHEA_A                    |1000      |96,00   |1,000000|12288738,00   |12288738,00 |0,000000|17648,00  |0,000000       


#====================================================================================================|1095837.0

1000_75_7.txt       |Cuadratica          |IHEAIHEA_A                    |1000      |96,00   |1,000000|1095837,00    |1095837,00  |0,000000|26960,00  |0,000000       


#====================================================================================================|5575813.0

1000_75_8.txt       |Cuadratica          |IHEAIHEA_A                    |1000      |96,00   |1,000000|5575813,00    |5575813,00  |0,000000|34017,00  |0,000000       


#====================================================================================================|695774.0

1000_75_9.txt       |Cuadratica          |IHEAIHEA_A                    |1000      |96,00   |1,000000|695774,00     |695774,00   |0,000000|24510,00  |0,000000       


#====================================================================================================|2507677.0

1000_75_10.txt      |Cuadratica          |IHEAIHEA_A                    |1000      |96,00   |1,000000|2507677,00    |2507677,00  |0,000000|25169,00  |0,000000       


#====================================================================================================|6243494.0

1000_100_1.txt      |Cuadratica          |IHEAIHEA_A                    |1000      |96,00   |1,000000|6243494,00    |6243494,00  |0,000000|36426,00  |0,000000       


#====================================================================================================|4854086.0

1000_100_2.txt      |Cuadratica          |IHEAIHEA_A                    |1000      |96,00   |1,000000|4854086,00    |4854086,00  |0,000000|38195,00  |0,000000       


#====================================================================================================|3172022.0

1000_100_3.txt      |Cuadratica          |IHEAIHEA_A                    |1000      |96,00   |1,000000|3172022,00    |3172022,00  |0,000000|34555,00  |0,000000       


#====================================================================================================|754727.0

1000_100_4.txt      |Cuadratica          |IHEAIHEA_A                    |1000      |96,00   |1,000000|754727,00     |754727,00   |0,000000|23963,00  |0,000000       


#====================================================================================================|1.864662E7

1000_100_5.txt      |Cuadratica          |IHEAIHEA_A                    |1000      |96,00   |0,810000|18646620,00   |18646617,53 |0,000013|23851,00  |0,000000       


#====================================================================================================|1.6020232E7

1000_100_6.txt      |Cuadratica          |IHEAIHEA_A                    |1000      |96,00   |1,000000|16020232,00   |16020232,00 |0,000000|27694,00  |0,000000       


#====================================================================================================|1.2936205E7

1000_100_7.txt      |Cuadratica          |IHEAIHEA_A                    |1000      |96,00   |1,000000|12936205,00   |12936205,00 |0,000000|21021,00  |0,000000       


#====================================================================================================|6927738.0

1000_100_8.txt      |Cuadratica          |IHEAIHEA_A                    |1000      |96,00   |1,000000|6927738,00    |6927738,00  |0,000000|34663,00  |0,000000       


#====================================================================================================|3874959.0

1000_100_9.txt      |Cuadratica          |IHEAIHEA_A                    |1000      |96,00   |1,000000|3874959,00    |3874959,00  |0,000000|21939,00  |0,000000       


#====================================================================================================|1334494.0

1000_100_10.txt     |Cuadratica          |IHEAIHEA_A                    |1000      |96,00   |1,000000|1334494,00    |1334494,00  |0,000000|28792,00  |0,000000       


#====================================================================================================|NaN

2000_25_1.dat       |Cuadratica          |IHEAIHEA_A                    |2000      |109,00  |0,000000|5268188,00    |5268188,00  |NaN     |42149,00  |0,000000       


#====================================================================================================|NaN

2000_25_2.dat       |Cuadratica          |IHEAIHEA_A                    |2000      |109,00  |0,000000|13294030,00   |13292975,26 |NaN     |50140,00  |0,000000       


#====================================================================================================|5500220.0

2000_25_3.dat       |Cuadratica          |IHEAIHEA_A                    |2000      |109,00  |0,000000|5500433,00    |5500256,78  |-0,000669|49744,00  |0,000000       


#====================================================================================================|NaN

2000_25_4.dat       |Cuadratica          |IHEAIHEA_A                    |2000      |109,00  |0,000000|14625118,00   |14625118,00 |NaN     |39565,00  |0,000000       


#====================================================================================================|NaN

2000_25_5.dat       |Cuadratica          |IHEAIHEA_A                    |2000      |109,00  |0,000000|5975751,00    |5975744,94  |NaN     |50917,00  |0,000000       


#====================================================================================================|NaN

2000_25_6.dat       |Cuadratica          |IHEAIHEA_A                    |2000      |109,00  |0,000000|4491691,00    |4491691,00  |NaN     |46312,00  |0,000000       


#====================================================================================================|NaN

2000_25_7.dat       |Cuadratica          |IHEAIHEA_A                    |2000      |109,00  |0,000000|6388756,00    |6388756,00  |NaN     |42560,00  |0,000000       


#====================================================================================================|NaN

2000_25_8.dat       |Cuadratica          |IHEAIHEA_A                    |2000      |109,00  |0,000000|11769873,00   |11769873,00 |NaN     |50691,00  |0,000000       


#====================================================================================================|NaN

2000_25_9.dat       |Cuadratica          |IHEAIHEA_A                    |2000      |109,00  |0,000000|10960328,00   |10960328,00 |NaN     |49074,00  |0,000000       


#====================================================================================================|NaN

2000_25_10.dat      |Cuadratica          |IHEAIHEA_A                    |2000      |109,00  |0,000000|139236,00     |139236,00   |NaN     |22061,00  |0,000000       


--------------------RESUMEN-----------------
Algoritmo[IHEAIHEA_A]
aciertos:59,80%
desviacion:NaN
tiempo promedio:33399,17ms
-----------

