----------------------------------------------------------.
Numero Intentos:100
NPI: Numero iteraciones promedio.
TP: Tiempo Promedio.
TE: Tasa de exito.
DPR: Desviación porcentual relativa.
----------------------------------------------------------.
NOMBRE              |FUNCION             |ALGORITMO                     |DIMENSION |NPI     |TE      |MEJOR OPTIMO  |PROM OPTIMOS|DPR     |TP        |EVALUACIONES   

#====================================================================================================|5663590.0
1000_50_1.txt       |Cuadratica          |IHEAIHEA_M                    |1000      |96,00   |0,750000|5663590,00    |5663577,25  |0,000225|42376,00  |0,000000       
1000_50_1.txt       |Cuadratica          |IHEAIHEA_A                    |1000      |96,00   |0,720000|5663590,00    |5663577,09  |0,000228|48988,00  |0,000000       

#====================================================================================================|180831.0
1000_50_2.txt       |Cuadratica          |IHEAIHEA_M                    |1000      |96,00   |0,990000|180831,00     |180830,73   |0,000149|22550,00  |0,000000       
1000_50_2.txt       |Cuadratica          |IHEAIHEA_A                    |1000      |96,00   |0,960000|180831,00     |180830,12   |0,000487|25060,00  |0,000000       

#====================================================================================================|1.1384283E7
1000_50_3.txt       |Cuadratica          |IHEAIHEA_M                    |1000      |96,00   |0,370000|11384283,00   |11384215,13 |0,000596|42923,00  |0,000000       
1000_50_3.txt       |Cuadratica          |IHEAIHEA_A                    |1000      |96,00   |0,350000|11384283,00   |11384161,17 |0,001070|44651,00  |0,000000       

#====================================================================================================|322226.0
1000_50_4.txt       |Cuadratica          |IHEAIHEA_M                    |1000      |96,00   |0,680000|322226,00     |322213,68   |0,003823|31712,00  |0,000000       
1000_50_4.txt       |Cuadratica          |IHEAIHEA_A                    |1000      |96,00   |0,790000|322226,00     |322217,72   |0,002570|37443,00  |0,000000       

#====================================================================================================|9984247.0
1000_50_5.txt       |Cuadratica          |IHEAIHEA_M                    |1000      |96,00   |0,010000|9984247,00    |9984106,63  |0,001406|36082,00  |0,000000       
1000_50_5.txt       |Cuadratica          |IHEAIHEA_A                    |1000      |96,00   |0,010000|9984247,00    |9984103,33  |0,001439|41376,00  |0,000000       

#====================================================================================================|4106261.0
1000_50_6.txt       |Cuadratica          |IHEAIHEA_M                    |1000      |96,00   |1,000000|4106261,00    |4106261,00  |0,000000|32017,00  |0,000000       
1000_50_6.txt       |Cuadratica          |IHEAIHEA_A                    |1000      |96,00   |1,000000|4106261,00    |4106261,00  |0,000000|45265,00  |0,000000       

#====================================================================================================|1.049837E7
1000_50_7.txt       |Cuadratica          |IHEAIHEA_M                    |1000      |96,00   |0,520000|10498370,00   |10498320,35 |0,000473|31784,00  |0,000000       
1000_50_7.txt       |Cuadratica          |IHEAIHEA_A                    |1000      |96,00   |0,500000|10498370,00   |10498324,17 |0,000437|36729,00  |0,000000       

#====================================================================================================|4981146.0
1000_50_8.txt       |Cuadratica          |IHEAIHEA_M                    |1000      |96,00   |0,000000|4980282,00    |4980207,13  |0,018848|39030,00  |0,000000       
1000_50_8.txt       |Cuadratica          |IHEAIHEA_A                    |1000      |96,00   |0,000000|4980282,00    |4980184,53  |0,019302|48013,00  |0,000000       

#====================================================================================================|1727861.0
1000_50_9.txt       |Cuadratica          |IHEAIHEA_M                    |1000      |96,00   |0,250000|1727861,00    |1727656,78  |0,011819|43923,00  |0,000000       
1000_50_9.txt       |Cuadratica          |IHEAIHEA_A                    |1000      |96,00   |0,280000|1727861,00    |1727632,91  |0,013201|49152,00  |0,000000       

#====================================================================================================|2340724.0
1000_50_10.txt      |Cuadratica          |IHEAIHEA_M                    |1000      |96,00   |0,190000|2340724,00    |2340656,05  |0,002903|42359,00  |0,000000       
1000_50_10.txt      |Cuadratica          |IHEAIHEA_A                    |1000      |96,00   |0,220000|2340724,00    |2340649,92  |0,003165|49109,00  |0,000000       

#====================================================================================================|1.1570056E7
1000_75_1.txt       |Cuadratica          |IHEAIHEA_M                    |1000      |96,00   |0,100000|11570056,00   |11569994,35 |0,000533|35688,00  |0,000000       
1000_75_1.txt       |Cuadratica          |IHEAIHEA_A                    |1000      |96,00   |0,070000|11570056,00   |11569982,97 |0,000631|44270,00  |0,000000       

#====================================================================================================|1901389.0
1000_75_2.txt       |Cuadratica          |IHEAIHEA_M                    |1000      |96,00   |0,660000|1901389,00    |1901297,49  |0,004813|38070,00  |0,000000       
1000_75_2.txt       |Cuadratica          |IHEAIHEA_A                    |1000      |96,00   |0,610000|1901389,00    |1901280,07  |0,005729|47003,00  |0,000000       

#====================================================================================================|2096485.0
1000_75_3.txt       |Cuadratica          |IHEAIHEA_M                    |1000      |96,00   |0,250000|2096485,00    |2094166,70  |0,110580|40576,00  |0,000000       
1000_75_3.txt       |Cuadratica          |IHEAIHEA_A                    |1000      |96,00   |0,300000|2096485,00    |2093786,41  |0,128720|48368,00  |0,000000       

#====================================================================================================|7305321.0
1000_75_4.txt       |Cuadratica          |IHEAIHEA_M                    |1000      |96,00   |0,940000|7305321,00    |7305320,89  |0,000002|36509,00  |0,000000       
1000_75_4.txt       |Cuadratica          |IHEAIHEA_A                    |1000      |96,00   |1,000000|7305321,00    |7305321,00  |0,000000|46373,00  |0,000000       

#====================================================================================================|1.3970842E7
1000_75_5.txt       |Cuadratica          |IHEAIHEA_M                    |1000      |96,00   |0,000000|13970240,00   |13969845,08 |0,007136|44222,00  |0,000000       
1000_75_5.txt       |Cuadratica          |IHEAIHEA_A                    |1000      |96,00   |0,000000|13970240,00   |13969861,07 |0,007021|47563,00  |0,000000       

#====================================================================================================|1.2288738E7
1000_75_6.txt       |Cuadratica          |IHEAIHEA_M                    |1000      |96,00   |0,970000|12288738,00   |12288732,60 |0,000044|33581,00  |0,000000       
1000_75_6.txt       |Cuadratica          |IHEAIHEA_A                    |1000      |96,00   |0,970000|12288738,00   |12288732,63 |0,000044|41650,00  |0,000000       

#====================================================================================================|1095837.0
1000_75_7.txt       |Cuadratica          |IHEAIHEA_M                    |1000      |96,00   |0,150000|1095837,00    |1094428,41  |0,128540|38583,00  |0,000000       
1000_75_7.txt       |Cuadratica          |IHEAIHEA_A                    |1000      |96,00   |0,190000|1095837,00    |1094491,25  |0,122806|46231,00  |0,000000       

#====================================================================================================|5575813.0
1000_75_8.txt       |Cuadratica          |IHEAIHEA_M                    |1000      |96,00   |0,730000|5575813,00    |5575764,59  |0,000868|40964,00  |0,000000       
1000_75_8.txt       |Cuadratica          |IHEAIHEA_A                    |1000      |96,00   |0,760000|5575813,00    |5575768,60  |0,000796|49005,00  |0,000000       

#====================================================================================================|695774.0
1000_75_9.txt       |Cuadratica          |IHEAIHEA_M                    |1000      |96,00   |0,350000|695774,00     |695644,84   |0,018563|31224,00  |0,000000       
1000_75_9.txt       |Cuadratica          |IHEAIHEA_A                    |1000      |96,00   |0,360000|695774,00     |695653,51   |0,017317|39389,00  |0,000000       

#====================================================================================================|2507677.0
1000_75_10.txt      |Cuadratica          |IHEAIHEA_M                    |1000      |96,00   |1,000000|2507677,00    |2507677,00  |0,000000|37533,00  |0,000000       
1000_75_10.txt      |Cuadratica          |IHEAIHEA_A                    |1000      |96,00   |0,990000|2507677,00    |2507672,48  |0,000180|47388,00  |0,000000       

#====================================================================================================|6243494.0
1000_100_1.txt      |Cuadratica          |IHEAIHEA_M                    |1000      |96,00   |0,120000|6243494,00    |6243354,67  |0,002232|42396,00  |0,000000       
1000_100_1.txt      |Cuadratica          |IHEAIHEA_A                    |1000      |96,00   |0,100000|6243494,00    |6243332,81  |0,002582|49026,00  |0,000000       

#====================================================================================================|4854086.0
1000_100_2.txt      |Cuadratica          |IHEAIHEA_M                    |1000      |96,00   |0,110000|4854086,00    |4853996,67  |0,001840|43971,00  |0,000000       
1000_100_2.txt      |Cuadratica          |IHEAIHEA_A                    |1000      |96,00   |0,110000|4854086,00    |4853995,34  |0,001868|49250,00  |0,000000       

#====================================================================================================|3172022.0
1000_100_3.txt      |Cuadratica          |IHEAIHEA_M                    |1000      |96,00   |0,980000|3172022,00    |3172019,29  |0,000085|43167,00  |0,000000       
1000_100_3.txt      |Cuadratica          |IHEAIHEA_A                    |1000      |96,00   |0,990000|3172022,00    |3172019,96  |0,000064|49071,00  |0,000000       

#====================================================================================================|754727.0
1000_100_4.txt      |Cuadratica          |IHEAIHEA_M                    |1000      |96,00   |1,000000|754727,00     |754727,00   |0,000000|39979,00  |0,000000       
1000_100_4.txt      |Cuadratica          |IHEAIHEA_A                    |1000      |96,00   |0,980000|754727,00     |754724,70   |0,000305|44487,00  |0,000000       

#====================================================================================================|1.864662E7
1000_100_5.txt      |Cuadratica          |IHEAIHEA_M                    |1000      |96,00   |0,110000|18646620,00   |18646558,82 |0,000328|42698,00  |0,000000       
1000_100_5.txt      |Cuadratica          |IHEAIHEA_A                    |1000      |96,00   |0,100000|18646620,00   |18646559,65 |0,000324|46235,00  |0,000000       

#====================================================================================================|1.6020232E7
1000_100_6.txt      |Cuadratica          |IHEAIHEA_M                    |1000      |96,00   |0,680000|16020232,00   |16020127,06 |0,000655|40819,00  |0,000000       
1000_100_6.txt      |Cuadratica          |IHEAIHEA_A                    |1000      |96,00   |0,340000|16020232,00   |16019972,41 |0,001620|45649,00  |0,000000       

#====================================================================================================|1.2936205E7
1000_100_7.txt      |Cuadratica          |IHEAIHEA_M                    |1000      |96,00   |0,970000|12936205,00   |12936196,70 |0,000064|35886,00  |0,000000       
1000_100_7.txt      |Cuadratica          |IHEAIHEA_A                    |1000      |96,00   |0,980000|12936205,00   |12936203,28 |0,000013|45318,00  |0,000000       

#====================================================================================================|6927738.0
1000_100_8.txt      |Cuadratica          |IHEAIHEA_M                    |1000      |96,00   |0,010000|6927738,00    |6927199,96  |0,007766|39880,00  |0,000000       
1000_100_8.txt      |Cuadratica          |IHEAIHEA_A                    |1000      |96,00   |0,010000|6927738,00    |6927294,82  |0,006397|48027,00  |0,000000       

#====================================================================================================|3874959.0
1000_100_9.txt      |Cuadratica          |IHEAIHEA_M                    |1000      |96,00   |1,000000|3874959,00    |3874959,00  |0,000000|29709,00  |0,000000       
1000_100_9.txt      |Cuadratica          |IHEAIHEA_A                    |1000      |96,00   |1,000000|3874959,00    |3874959,00  |0,000000|44212,00  |0,000000       


#====================================================================================================|1334494.0
1000_100_10.txt     |Cuadratica          |IHEAIHEA_M                    |1000      |96,00   |0,190000|1334494,00    |1334417,76  |0,005713|36454,00  |0,000000       
1000_100_10.txt     |Cuadratica          |IHEAIHEA_A                    |1000      |96,00   |0,200000|1334494,00    |1334418,60  |0,005650|44642,00  |0,000000       

--------------------RESUMEN-----------------
Algoritmo[IHEAIHEA_M]
aciertos:50,27%
desviacion:0,011000
tiempo promedio:37888,83ms
-----------
Algoritmo[IHEAIHEA_A]
aciertos:49,63%
desviacion:0,011466
tiempo promedio:44964,77ms
-----------
BUILD SUCCESSFUL (total time: 82 minutes 24 seconds)


