----------------------------------------------------------.
Numero Intentos:20
NPI: Numero iteraciones promedio.
TP: Tiempo Promedio.
TE: Tasa de exito.
DPR: Desviación porcentual relativa.
----------------------------------------------------------.
NOMBRE              |FUNCION             |ALGORITMO                     |DIMENSION |NPI     |TE      |MEJOR OPTIMO  |PROM OPTIMOS|DPR     |TP        |EVALUACIONES   

#====================================================================================================|513379.0

jeu_300_50_1.txt    |Cuadratica          |IHEAIHEA_A                    | 300      |2,600000|1,000000|513379,00     |513379,00   |0,000000|121,00    |0,000000       


#====================================================================================================|105543.0

jeu_300_50_2.txt    |Cuadratica          |IHEAIHEA_A                    | 300      |1,600000|1,000000|105543,00     |105543,00   |0,000000|91,00     |0,000000       


#====================================================================================================|875788.0

jeu_300_50_3.txt    |Cuadratica          |IHEAIHEA_A                    | 300      |2,150000|1,000000|875788,00     |875788,00   |0,000000|125,00    |0,000000       


#====================================================================================================|307124.0

jeu_300_50_4.txt    |Cuadratica          |IHEAIHEA_A                    | 300      |2,500000|1,000000|307124,00     |307124,00   |0,000000|122,00    |0,000000       


#====================================================================================================|727820.0

jeu_300_50_5.txt    |Cuadratica          |IHEAIHEA_A                    | 300      |2,100000|1,000000|727820,00     |727820,00   |0,000000|112,00    |0,000000       


#====================================================================================================|734053.0

jeu_300_50_6.txt    |Cuadratica          |IHEAIHEA_A                    | 300      |2,050000|1,000000|734053,00     |734053,00   |0,000000|117,00    |0,000000       


#====================================================================================================|43595.0

jeu_300_50_7.txt    |Cuadratica          |IHEAIHEA_A                    | 300      |2,200000|1,000000|43595,00      |43595,00    |0,000000|92,00     |0,000000       


#====================================================================================================|767977.0

jeu_300_50_8.txt    |Cuadratica          |IHEAIHEA_A                    | 300      |2,000000|1,000000|767977,00     |767977,00   |0,000000|120,00    |0,000000       


#====================================================================================================|761351.0

jeu_300_50_9.txt    |Cuadratica          |IHEAIHEA_A                    | 300      |6,650000|1,000000|761351,00     |761351,00   |0,000000|162,00    |0,000000       


#====================================================================================================|996070.0

jeu_300_50_10.txt   |Cuadratica          |IHEAIHEA_A                    | 300      |3,000000|1,000000|996070,00     |996070,00   |0,000000|128,00    |0,000000       


#====================================================================================================|423256.0

jeu_300_50_11.txt   |Cuadratica          |IHEAIHEA_A                    | 300      |13,70   |1,000000|423256,00     |423256,00   |0,000000|202,00    |0,000000       


#====================================================================================================|407905.0

jeu_300_50_12.txt   |Cuadratica          |IHEAIHEA_A                    | 300      |2,100000|1,000000|407905,00     |407905,00   |0,000000|131,00    |0,000000       


#====================================================================================================|205566.0

jeu_300_50_13.txt   |Cuadratica          |IHEAIHEA_A                    | 300      |2,000000|1,000000|205566,00     |205566,00   |0,000000|123,00    |0,000000       


#====================================================================================================|972880.0

jeu_300_50_14.txt   |Cuadratica          |IHEAIHEA_A                    | 300      |75,75   |0,200000|972880,00     |972875,20   |0,000493|321,00    |0,000000       


#====================================================================================================|958289.0

jeu_300_50_15.txt   |Cuadratica          |IHEAIHEA_A                    | 300      |2,000000|1,000000|958289,00     |958289,00   |0,000000|103,00    |0,000000       


#====================================================================================================|1038127.0

jeu_300_50_16.txt   |Cuadratica          |IHEAIHEA_A                    | 300      |29,75   |0,850000|1038127,00    |1038078,25  |0,004696|205,00    |0,000000       


#====================================================================================================|253808.0

jeu_300_50_17.txt   |Cuadratica          |IHEAIHEA_A                    | 300      |2,000000|1,000000|253808,00     |253808,00   |0,000000|110,00    |0,000000       


#====================================================================================================|98772.0

jeu_300_50_18.txt   |Cuadratica          |IHEAIHEA_A                    | 300      |6,400000|1,000000|98772,00      |98772,00    |0,000000|153,00    |0,000000       


#====================================================================================================|559374.0

jeu_300_50_19.txt   |Cuadratica          |IHEAIHEA_A                    | 300      |1,950000|1,000000|559374,00     |559374,00   |0,000000|115,00    |0,000000       


#====================================================================================================|890913.0

jeu_300_50_20.txt   |Cuadratica          |IHEAIHEA_A                    | 300      |2,450000|1,000000|890913,00     |890913,00   |0,000000|125,00    |0,000000       


--------------------RESUMEN-----------------
Algoritmo[IHEAIHEA_A]
aciertos:95,25%
desviacion:0,000259
tiempo promedio:138,90ms
-----------

