tabu => if ((frx >= fmin && vcx > vmin) || (frx > fmin && vcx >= vmin)) {
hiperplanos descent => seq-vns
commit:
----------------------------------------------------------.
Numero Intentos:100
NPI: Numero iteraciones promedio.
TP: Tiempo Promedio.
TE: Tasa de exito.
DPR: Desviación porcentual relativa.
----------------------------------------------------------.
NOMBRE              |FUNCION             |ALGORITMO                     |DIMENSION |NPI     |TE      |MEJOR OPTIMO  |PROM OPTIMOS|DPR     |TP        |EVALUACIONES   

#====================================================================================================|18558.0

jeu_100_25_1.txt    |Cuadratica          |IHEAIHEA_M                    | 100      |75,00   |1,000000|18558,00      |18558,00    |0,000000|3986,00   |0,000000       
jeu_100_25_1.txt    |Cuadratica          |IHEAIHEA_A                    | 100      |75,00   |0,990000|18558,00      |18557,90    |0,000539|3323,00   |0,000000       
jeu_100_25_1.txt    |FJSGVNS             |JSGVNS-Int[20]                | 100      |20,00   |0,390000|18558,00      |18543,61    |0,077541|3087,00   |0,000000       


#====================================================================================================|56525.0

jeu_100_25_2.txt    |Cuadratica          |IHEAIHEA_M                    | 100      |75,00   |1,000000|56525,00      |56525,00    |0,000000|2393,00   |0,000000       
jeu_100_25_2.txt    |Cuadratica          |IHEAIHEA_A                    | 100      |75,00   |1,000000|56525,00      |56525,00    |0,000000|1497,00   |0,000000       
jeu_100_25_2.txt    |FJSGVNS             |JSGVNS-Int[20]                | 100      |20,00   |1,000000|56525,00      |56525,00    |0,000000|4220,00   |0,000000       


#====================================================================================================|3752.0

jeu_100_25_3.txt    |Cuadratica          |IHEAIHEA_M                    | 100      |75,00   |0,960000|3752,00       |3750,60     |0,037313|2875,00   |0,000000       
jeu_100_25_3.txt    |Cuadratica          |IHEAIHEA_A                    | 100      |75,00   |1,000000|3752,00       |3752,00     |0,000000|2387,00   |0,000000       
jeu_100_25_3.txt    |FJSGVNS             |JSGVNS-Int[20]                | 100      |20,00   |0,420000|3752,00       |3726,86     |0,670043|1886,00   |0,000000       


#====================================================================================================|50382.0

jeu_100_25_4.txt    |Cuadratica          |IHEAIHEA_M                    | 100      |75,00   |1,000000|50382,00      |50382,00    |0,000000|2525,00   |0,000000       
jeu_100_25_4.txt    |Cuadratica          |IHEAIHEA_A                    | 100      |75,00   |0,240000|50382,00      |50363,00    |0,037712|1612,00   |0,000000       
jeu_100_25_4.txt    |FJSGVNS             |JSGVNS-Int[20]                | 100      |20,00   |0,300000|50382,00      |50351,73    |0,060081|3280,00   |0,000000       


#====================================================================================================|61494.0

jeu_100_25_5.txt    |Cuadratica          |IHEAIHEA_M                    | 100      |75,00   |1,000000|61494,00      |61494,00    |0,000000|2116,00   |0,000000       
jeu_100_25_5.txt    |Cuadratica          |IHEAIHEA_A                    | 100      |75,00   |1,000000|61494,00      |61494,00    |0,000000|1105,00   |0,000000       
jeu_100_25_5.txt    |FJSGVNS             |JSGVNS-Int[20]                | 100      |1,000000|1,000000|61494,00      |61494,00    |0,000000|105,00    |0,000000       


#====================================================================================================|36360.0

jeu_100_25_6.txt    |Cuadratica          |IHEAIHEA_M                    | 100      |75,00   |1,000000|36360,00      |36360,00    |0,000000|3347,00   |0,000000       
jeu_100_25_6.txt    |Cuadratica          |IHEAIHEA_A                    | 100      |75,00   |1,000000|36360,00      |36360,00    |0,000000|2368,00   |0,000000       
jeu_100_25_6.txt    |FJSGVNS             |JSGVNS-Int[20]                | 100      |20,00   |0,520000|36360,00      |36291,29    |0,188971|2951,00   |0,000000       


#====================================================================================================|14657.0

jeu_100_25_7.txt    |Cuadratica          |IHEAIHEA_M                    | 100      |75,00   |1,000000|14657,00      |14657,00    |0,000000|3917,00   |0,000000       
jeu_100_25_7.txt    |Cuadratica          |IHEAIHEA_A                    | 100      |75,00   |1,000000|14657,00      |14657,00    |0,000000|3215,00   |0,000000       
jeu_100_25_7.txt    |FJSGVNS             |JSGVNS-Int[20]                | 100      |20,00   |0,740000|14657,00      |14641,46    |0,106024|3467,00   |0,000000       


#====================================================================================================|20452.0

jeu_100_25_8.txt    |Cuadratica          |IHEAIHEA_M                    | 100      |75,00   |1,000000|20452,00      |20452,00    |0,000000|3677,00   |0,000000       
jeu_100_25_8.txt    |Cuadratica          |IHEAIHEA_A                    | 100      |75,00   |1,000000|20452,00      |20452,00    |0,000000|3053,00   |0,000000       
jeu_100_25_8.txt    |FJSGVNS             |JSGVNS-Int[20]                | 100      |20,00   |1,000000|20452,00      |20452,00    |0,000000|2865,00   |0,000000       


#====================================================================================================|35438.0

jeu_100_25_9.txt    |Cuadratica          |IHEAIHEA_M                    | 100      |75,00   |0,930000|35438,00      |35433,23    |0,013460|3012,00   |0,000000       
jeu_100_25_9.txt    |Cuadratica          |IHEAIHEA_A                    | 100      |75,00   |0,970000|35438,00      |35435,96    |0,005757|1992,00   |0,000000       
jeu_100_25_9.txt    |FJSGVNS             |JSGVNS-Int[20]                | 100      |20,00   |0,000000|35370,00      |35370,00    |0,191884|2790,00   |0,000000       


#====================================================================================================|24930.0

jeu_100_25_10.txt   |Cuadratica          |IHEAIHEA_M                    | 100      |75,00   |1,000000|24930,00      |24930,00    |0,000000|3970,00   |0,000000       
jeu_100_25_10.txt   |Cuadratica          |IHEAIHEA_A                    | 100      |75,00   |1,000000|24930,00      |24930,00    |0,000000|2838,00   |0,000000       
jeu_100_25_10.txt   |FJSGVNS             |JSGVNS-Int[20]                | 100      |20,00   |0,450000|24930,00      |24915,32    |0,058885|2906,00   |0,000000       


#====================================================================================================|83742.0

jeu_100_50_1.txt    |Cuadratica          |IHEAIHEA_M                    | 100      |75,00   |1,000000|83742,00      |83742,00    |0,000000|3132,00   |0,000000       
jeu_100_50_1.txt    |Cuadratica          |IHEAIHEA_A                    | 100      |75,00   |1,000000|83742,00      |83742,00    |0,000000|2953,00   |0,000000       
jeu_100_50_1.txt    |FJSGVNS             |JSGVNS-Int[20]                | 100      |20,00   |0,980000|83742,00      |83741,40    |0,000716|5217,00   |0,000000       


#====================================================================================================|104856.0

jeu_100_50_2.txt    |Cuadratica          |IHEAIHEA_M                    | 100      |75,00   |1,000000|104856,00     |104856,00   |0,000000|3173,00   |0,000000       
jeu_100_50_2.txt    |Cuadratica          |IHEAIHEA_A                    | 100      |75,00   |0,820000|104856,00     |104844,48   |0,010986|2161,00   |0,000000       
jeu_100_50_2.txt    |FJSGVNS             |JSGVNS-Int[20]                | 100      |20,00   |0,990000|104856,00     |104855,36   |0,000610|13617,00  |0,000000       


#====================================================================================================|34006.0

jeu_100_50_3.txt    |Cuadratica          |IHEAIHEA_M                    | 100      |75,00   |1,000000|34006,00      |34006,00    |0,000000|4235,00   |0,000000       
jeu_100_50_3.txt    |Cuadratica          |IHEAIHEA_A                    | 100      |75,00   |1,000000|34006,00      |34006,00    |0,000000|3433,00   |0,000000       
jeu_100_50_3.txt    |FJSGVNS             |JSGVNS-Int[20]                | 100      |20,00   |0,000000|33902,00      |33902,00    |0,305828|4082,00   |0,000000       


#====================================================================================================|105996.0

jeu_100_50_4.txt    |Cuadratica          |IHEAIHEA_M                    | 100      |75,00   |1,000000|105996,00     |105996,00   |0,000000|3065,00   |0,000000       
jeu_100_50_4.txt    |Cuadratica          |IHEAIHEA_A                    | 100      |75,00   |1,000000|105996,00     |105996,00   |0,000000|1523,00   |0,000000       
jeu_100_50_4.txt    |FJSGVNS             |JSGVNS-Int[20]                | 100      |20,00   |1,000000|105996,00     |105996,00   |0,000000|5388,00   |0,000000       


#====================================================================================================|56464.0

jeu_100_50_5.txt    |Cuadratica          |IHEAIHEA_M                    | 100      |75,00   |1,000000|56464,00      |56464,00    |0,000000|4194,00   |0,000000       
jeu_100_50_5.txt    |Cuadratica          |IHEAIHEA_A                    | 100      |75,00   |1,000000|56464,00      |56464,00    |0,000000|3009,00   |0,000000       
jeu_100_50_5.txt    |FJSGVNS             |JSGVNS-Int[20]                | 100      |20,00   |1,000000|56464,00      |56464,00    |0,000000|4797,00   |0,000000       


#====================================================================================================|16083.0

jeu_100_50_6.txt    |Cuadratica          |IHEAIHEA_M                    | 100      |75,00   |1,000000|16083,00      |16083,00    |0,000000|4079,00   |0,000000       
jeu_100_50_6.txt    |Cuadratica          |IHEAIHEA_A                    | 100      |75,00   |1,000000|16083,00      |16083,00    |0,000000|3270,00   |0,000000       
jeu_100_50_6.txt    |FJSGVNS             |JSGVNS-Int[20]                | 100      |20,00   |1,000000|16083,00      |16083,00    |0,000000|4183,00   |0,000000       


#====================================================================================================|52819.0

jeu_100_50_7.txt    |Cuadratica          |IHEAIHEA_M                    | 100      |75,00   |1,000000|52819,00      |52819,00    |0,000000|3517,00   |0,000000       
jeu_100_50_7.txt    |Cuadratica          |IHEAIHEA_A                    | 100      |75,00   |1,000000|52819,00      |52819,00    |0,000000|2979,00   |0,000000       
jeu_100_50_7.txt    |FJSGVNS             |JSGVNS-Int[20]                | 100      |20,00   |0,930000|52819,00      |52817,15    |0,003503|3046,00   |0,000000       


#====================================================================================================|54246.0

jeu_100_50_8.txt    |Cuadratica          |IHEAIHEA_M                    | 100      |75,00   |1,000000|54246,00      |54246,00    |0,000000|4234,00   |0,000000       
jeu_100_50_8.txt    |Cuadratica          |IHEAIHEA_A                    | 100      |75,00   |1,000000|54246,00      |54246,00    |0,000000|3233,00   |0,000000       
jeu_100_50_8.txt    |FJSGVNS             |JSGVNS-Int[20]                | 100      |20,00   |1,000000|54246,00      |54246,00    |0,000000|4398,00   |0,000000       


#====================================================================================================|68974.0

jeu_100_50_9.txt    |Cuadratica          |IHEAIHEA_M                    | 100      |75,00   |1,000000|68974,00      |68974,00    |0,000000|2997,00   |0,000000       
jeu_100_50_9.txt    |Cuadratica          |IHEAIHEA_A                    | 100      |75,00   |1,000000|68974,00      |68974,00    |0,000000|1961,00   |0,000000       
jeu_100_50_9.txt    |FJSGVNS             |JSGVNS-Int[20]                | 100      |1,000000|1,000000|68974,00      |68974,00    |0,000000|74,00     |0,000000       


#====================================================================================================|88634.0

jeu_100_50_10.txt   |Cuadratica          |IHEAIHEA_M                    | 100      |75,00   |1,000000|88634,00      |88634,00    |0,000000|3344,00   |0,000000       
jeu_100_50_10.txt   |Cuadratica          |IHEAIHEA_A                    | 100      |75,00   |1,000000|88634,00      |88634,00    |0,000000|2900,00   |0,000000       
jeu_100_50_10.txt   |FJSGVNS             |JSGVNS-Int[20]                | 100      |20,00   |0,580000|88634,00      |88620,71    |0,014994|5977,00   |0,000000       


#====================================================================================================|189137.0

jeu_100_75_1.txt    |Cuadratica          |IHEAIHEA_M                    | 100      |75,00   |1,000000|189137,00     |189137,00   |0,000000|1953,00   |0,000000       
jeu_100_75_1.txt    |Cuadratica          |IHEAIHEA_A                    | 100      |75,00   |1,000000|189137,00     |189137,00   |0,000000|874,00    |0,000000       
jeu_100_75_1.txt    |FJSGVNS             |JSGVNS-Int[20]                | 100      |1,000000|1,000000|189137,00     |189137,00   |0,000000|97,00     |0,000000       


#====================================================================================================|95074.0

jeu_100_75_2.txt    |Cuadratica          |IHEAIHEA_M                    | 100      |75,00   |1,000000|95074,00      |95074,00    |0,000000|3915,00   |0,000000       
jeu_100_75_2.txt    |Cuadratica          |IHEAIHEA_A                    | 100      |75,00   |1,000000|95074,00      |95074,00    |0,000000|3429,00   |0,000000       
jeu_100_75_2.txt    |FJSGVNS             |JSGVNS-Int[20]                | 100      |20,00   |0,640000|95074,00      |95054,03    |0,021005|7142,00   |0,000000       


#====================================================================================================|62098.0

jeu_100_75_3.txt    |Cuadratica          |IHEAIHEA_M                    | 100      |75,00   |1,000000|62098,00      |62098,00    |0,000000|3708,00   |0,000000       
jeu_100_75_3.txt    |Cuadratica          |IHEAIHEA_A                    | 100      |75,00   |1,000000|62098,00      |62098,00    |0,000000|2888,00   |0,000000       
jeu_100_75_3.txt    |FJSGVNS             |JSGVNS-Int[20]                | 100      |20,00   |1,000000|62098,00      |62098,00    |0,000000|5627,00   |0,000000       


#====================================================================================================|72245.0

jeu_100_75_4.txt    |Cuadratica          |IHEAIHEA_M                    | 100      |75,00   |1,000000|72245,00      |72245,00    |0,000000|4103,00   |0,000000       
jeu_100_75_4.txt    |Cuadratica          |IHEAIHEA_A                    | 100      |75,00   |1,000000|72245,00      |72245,00    |0,000000|3655,00   |0,000000       
jeu_100_75_4.txt    |FJSGVNS             |JSGVNS-Int[20]                | 100      |20,00   |0,780000|72245,00      |72243,15    |0,002561|6508,00   |0,000000       


#====================================================================================================|27616.0

jeu_100_75_5.txt    |Cuadratica          |IHEAIHEA_M                    | 100      |75,00   |1,000000|27616,00      |27616,00    |0,000000|3868,00   |0,000000       
jeu_100_75_5.txt    |Cuadratica          |IHEAIHEA_A                    | 100      |75,00   |1,000000|27616,00      |27616,00    |0,000000|3144,00   |0,000000       
jeu_100_75_5.txt    |FJSGVNS             |JSGVNS-Int[20]                | 100      |20,00   |1,000000|27616,00      |27616,00    |0,000000|3323,00   |0,000000       


#====================================================================================================|145273.0

jeu_100_75_6.txt    |Cuadratica          |IHEAIHEA_M                    | 100      |75,00   |1,000000|145273,00     |145273,00   |0,000000|2946,00   |0,000000       
jeu_100_75_6.txt    |Cuadratica          |IHEAIHEA_A                    | 100      |75,00   |1,000000|145273,00     |145273,00   |0,000000|1700,00   |0,000000       
jeu_100_75_6.txt    |FJSGVNS             |JSGVNS-Int[20]                | 100      |20,00   |0,990000|145273,00     |145272,51   |0,000337|7976,00   |0,000000       


#====================================================================================================|110979.0

jeu_100_75_7.txt    |Cuadratica          |IHEAIHEA_M                    | 100      |75,00   |1,000000|110979,00     |110979,00   |0,000000|3532,00   |0,000000       
jeu_100_75_7.txt    |Cuadratica          |IHEAIHEA_A                    | 100      |75,00   |1,000000|110979,00     |110979,00   |0,000000|3112,00   |0,000000       
jeu_100_75_7.txt    |FJSGVNS             |JSGVNS-Int[20]                | 100      |20,00   |1,000000|110979,00     |110979,00   |0,000000|6301,00   |0,000000       


#====================================================================================================|19570.0

jeu_100_75_8.txt    |Cuadratica          |IHEAIHEA_M                    | 100      |75,00   |1,000000|19570,00      |19570,00    |0,000000|3472,00   |0,000000       
jeu_100_75_8.txt    |Cuadratica          |IHEAIHEA_A                    | 100      |75,00   |1,000000|19570,00      |19570,00    |0,000000|3219,00   |0,000000       
jeu_100_75_8.txt    |FJSGVNS             |JSGVNS-Int[20]                | 100      |1,000000|1,000000|19570,00      |19570,00    |0,000000|32,00     |0,000000       


#====================================================================================================|104341.0

jeu_100_75_9.txt    |Cuadratica          |IHEAIHEA_M                    | 100      |75,00   |1,000000|104341,00     |104341,00   |0,000000|3707,00   |0,000000       
jeu_100_75_9.txt    |Cuadratica          |IHEAIHEA_A                    | 100      |75,00   |1,000000|104341,00     |104341,00   |0,000000|3233,00   |0,000000       
jeu_100_75_9.txt    |FJSGVNS             |JSGVNS-Int[20]                | 100      |20,00   |0,990000|104341,00     |104340,59   |0,000393|10373,00  |0,000000       


#====================================================================================================|143740.0

jeu_100_75_10.txt   |Cuadratica          |IHEAIHEA_M                    | 100      |75,00   |1,000000|143740,00     |143740,00   |0,000000|2869,00   |0,000000       
jeu_100_75_10.txt   |Cuadratica          |IHEAIHEA_A                    | 100      |75,00   |1,000000|143740,00     |143740,00   |0,000000|2280,00   |0,000000       
jeu_100_75_10.txt   |FJSGVNS             |JSGVNS-Int[20]                | 100      |20,00   |1,000000|143740,00     |143740,00   |0,000000|7449,00   |0,000000       


#====================================================================================================|81978.0

jeu_100_100_1.txt   |Cuadratica          |IHEAIHEA_M                    | 100      |75,00   |1,000000|81978,00      |81978,00    |0,000000|3783,00   |0,000000       
jeu_100_100_1.txt   |Cuadratica          |IHEAIHEA_A                    | 100      |75,00   |0,890000|81978,00      |81976,13    |0,002281|2959,00   |0,000000       
jeu_100_100_1.txt   |FJSGVNS             |JSGVNS-Int[20]                | 100      |20,00   |1,000000|81978,00      |81978,00    |0,000000|15234,00  |0,000000       


#====================================================================================================|190424.0

jeu_100_100_2.txt   |Cuadratica          |IHEAIHEA_M                    | 100      |75,00   |1,000000|190424,00     |190424,00   |0,000000|2453,00   |0,000000       
jeu_100_100_2.txt   |Cuadratica          |IHEAIHEA_A                    | 100      |75,00   |1,000000|190424,00     |190424,00   |0,000000|2310,00   |0,000000       
jeu_100_100_2.txt   |FJSGVNS             |JSGVNS-Int[20]                | 100      |20,00   |1,000000|190424,00     |190424,00   |0,000000|13058,00  |0,000000       


#====================================================================================================|225434.0

jeu_100_100_3.txt   |Cuadratica          |IHEAIHEA_M                    | 100      |75,00   |1,000000|225434,00     |225434,00   |0,000000|1963,00   |0,000000       
jeu_100_100_3.txt   |Cuadratica          |IHEAIHEA_A                    | 100      |75,00   |1,000000|225434,00     |225434,00   |0,000000|1361,00   |0,000000       
jeu_100_100_3.txt   |FJSGVNS             |JSGVNS-Int[20]                | 100      |1,000000|1,000000|225434,00     |225434,00   |0,000000|90,00     |0,000000       


#====================================================================================================|230076.0

jeu_100_100_5.txt   |Cuadratica          |IHEAIHEA_M                    | 100      |75,00   |1,000000|230076,00     |230076,00   |0,000000|2145,00   |0,000000       
jeu_100_100_5.txt   |Cuadratica          |IHEAIHEA_A                    | 100      |75,00   |1,000000|230076,00     |230076,00   |0,000000|1274,00   |0,000000       
jeu_100_100_5.txt   |FJSGVNS             |JSGVNS-Int[20]                | 100      |20,00   |1,000000|230076,00     |230076,00   |0,000000|14379,00  |0,000000       


#====================================================================================================|74358.0

jeu_100_100_6.txt   |Cuadratica          |IHEAIHEA_M                    | 100      |75,00   |1,000000|74358,00      |74358,00    |0,000000|3501,00   |0,000000       
jeu_100_100_6.txt   |Cuadratica          |IHEAIHEA_A                    | 100      |75,00   |1,000000|74358,00      |74358,00    |0,000000|3266,00   |0,000000       
jeu_100_100_6.txt   |FJSGVNS             |JSGVNS-Int[20]                | 100      |20,00   |1,000000|74358,00      |74358,00    |0,000000|5255,00   |0,000000       


#====================================================================================================|10330.0

jeu_100_100_7.txt   |Cuadratica          |IHEAIHEA_M                    | 100      |75,00   |1,000000|10330,00      |10330,00    |0,000000|2645,00   |0,000000       
jeu_100_100_7.txt   |Cuadratica          |IHEAIHEA_A                    | 100      |75,00   |1,000000|10330,00      |10330,00    |0,000000|2363,00   |0,000000       
jeu_100_100_7.txt   |FJSGVNS             |JSGVNS-Int[20]                | 100      |20,00   |1,000000|10330,00      |10330,00    |0,000000|1985,00   |0,000000       


#====================================================================================================|62582.0

jeu_100_100_8.txt   |Cuadratica          |IHEAIHEA_M                    | 100      |75,00   |1,000000|62582,00      |62582,00    |0,000000|3519,00   |0,000000       
jeu_100_100_8.txt   |Cuadratica          |IHEAIHEA_A                    | 100      |75,00   |1,000000|62582,00      |62582,00    |0,000000|3387,00   |0,000000       
jeu_100_100_8.txt   |FJSGVNS             |JSGVNS-Int[20]                | 100      |20,00   |1,000000|62582,00      |62582,00    |0,000000|3730,00   |0,000000       


#====================================================================================================|232754.0

jeu_100_100_9.txt   |Cuadratica          |IHEAIHEA_M                    | 100      |75,00   |1,000000|232754,00     |232754,00   |0,000000|2663,00   |0,000000       
jeu_100_100_9.txt   |Cuadratica          |IHEAIHEA_A                    | 100      |75,00   |1,000000|232754,00     |232754,00   |0,000000|1499,00   |0,000000       
jeu_100_100_9.txt   |FJSGVNS             |JSGVNS-Int[20]                | 100      |20,00   |1,000000|232754,00     |232754,00   |0,000000|14606,00  |0,000000       


#====================================================================================================|193262.0

jeu_100_100_10.txt  |Cuadratica          |IHEAIHEA_M                    | 100      |75,00   |1,000000|193262,00     |193262,00   |0,000000|2852,00   |0,000000       
jeu_100_100_10.txt  |Cuadratica          |IHEAIHEA_A                    | 100      |75,00   |1,000000|193262,00     |193262,00   |0,000000|2129,00   |0,000000       
jeu_100_100_10.txt  |FJSGVNS             |JSGVNS-Int[20]                | 100      |20,00   |1,000000|193262,00     |193262,00   |0,000000|10243,00  |0,000000       


#====================================================================================================|204441.0

jeu_200_25_1.txt    |Cuadratica          |IHEAIHEA_M                    | 200      |79,00   |1,000000|204441,00     |204441,00   |0,000000|7931,00   |0,000000       
jeu_200_25_1.txt    |Cuadratica          |IHEAIHEA_A                    | 200      |79,00   |1,000000|204441,00     |204441,00   |0,000000|4995,00   |0,000000       
jeu_200_25_1.txt    |FJSGVNS             |JSGVNS-Int[20]                | 200      |20,00   |0,410000|204441,00     |204397,83   |0,021116|7045,00   |0,000000       


#====================================================================================================|239573.0

jeu_200_25_2.txt    |Cuadratica          |IHEAIHEA_M                    | 200      |79,00   |0,750000|239573,00     |239569,25   |0,001565|6575,00   |0,000000       
jeu_200_25_2.txt    |Cuadratica          |IHEAIHEA_A                    | 200      |79,00   |1,000000|239573,00     |239573,00   |0,000000|3982,00   |0,000000       
jeu_200_25_2.txt    |FJSGVNS             |JSGVNS-Int[20]                | 200      |20,00   |0,200000|239573,00     |239561,00   |0,005009|12148,00  |0,000000       


#====================================================================================================|222361.0

jeu_200_25_4.txt    |Cuadratica          |IHEAIHEA_M                    | 200      |79,00   |0,940000|222361,00     |222343,96   |0,007663|7637,00   |0,000000       
jeu_200_25_4.txt    |Cuadratica          |IHEAIHEA_A                    | 200      |79,00   |1,000000|222361,00     |222361,00   |0,000000|4369,00   |0,000000       
jeu_200_25_4.txt    |FJSGVNS             |JSGVNS-Int[20]                | 200      |1,000000|1,000000|222361,00     |222361,00   |0,000000|317,00    |0,000000       


#====================================================================================================|187324.0

jeu_200_25_5.txt    |Cuadratica          |IHEAIHEA_M                    | 200      |79,00   |0,770000|187324,00     |187322,14   |0,000993|7556,00   |0,000000       
jeu_200_25_5.txt    |Cuadratica          |IHEAIHEA_A                    | 200      |79,00   |1,000000|187324,00     |187324,00   |0,000000|5731,00   |0,000000       
jeu_200_25_5.txt    |FJSGVNS             |JSGVNS-Int[20]                | 200      |20,00   |0,020000|187324,00     |187173,34   |0,080427|9112,00   |0,000000       


#====================================================================================================|80351.0

jeu_200_25_6.txt    |Cuadratica          |IHEAIHEA_M                    | 200      |79,00   |0,650000|80351,00      |80342,66    |0,010379|10123,00  |0,000000       
jeu_200_25_6.txt    |Cuadratica          |IHEAIHEA_A                    | 200      |79,00   |0,600000|80351,00      |80334,56    |0,020460|9905,00   |0,000000       
jeu_200_25_6.txt    |FJSGVNS             |JSGVNS-Int[20]                | 200      |20,00   |0,000000|80310,00      |80170,93    |0,224104|5470,00   |0,000000       


#====================================================================================================|59036.0

jeu_200_25_7.txt    |Cuadratica          |IHEAIHEA_M                    | 200      |79,00   |1,000000|59036,00      |59036,00    |0,000000|9806,00   |0,000000       
jeu_200_25_7.txt    |Cuadratica          |IHEAIHEA_A                    | 200      |79,00   |1,000000|59036,00      |59036,00    |0,000000|8043,00   |0,000000       
jeu_200_25_7.txt    |FJSGVNS             |JSGVNS-Int[20]                | 200      |20,00   |0,900000|59036,00      |59026,83    |0,015533|5055,00   |0,000000       


#====================================================================================================|149433.0

jeu_200_25_8.txt    |Cuadratica          |IHEAIHEA_M                    | 200      |79,00   |0,790000|149433,00     |149418,57   |0,009657|8760,00   |0,000000       
jeu_200_25_8.txt    |Cuadratica          |IHEAIHEA_A                    | 200      |79,00   |0,490000|149433,00     |149381,94   |0,034169|7115,00   |0,000000       
jeu_200_25_8.txt    |FJSGVNS             |JSGVNS-Int[20]                | 200      |20,00   |0,000000|149295,00     |149275,68   |0,105278|6317,00   |0,000000       


#====================================================================================================|49366.0

jeu_200_25_9.txt    |Cuadratica          |IHEAIHEA_M                    | 200      |79,00   |1,000000|49366,00      |49366,00    |0,000000|9779,00   |0,000000       
jeu_200_25_9.txt    |Cuadratica          |IHEAIHEA_A                    | 200      |79,00   |1,000000|49366,00      |49366,00    |0,000000|8487,00   |0,000000       
jeu_200_25_9.txt    |FJSGVNS             |JSGVNS-Int[20]                | 200      |20,00   |0,390000|49366,00      |49333,37    |0,066098|5578,00   |0,000000       


#====================================================================================================|48459.0

jeu_200_25_10.txt   |Cuadratica          |IHEAIHEA_M                    | 200      |79,00   |1,000000|48459,00      |48459,00    |0,000000|9948,00   |0,000000       
jeu_200_25_10.txt   |Cuadratica          |IHEAIHEA_A                    | 200      |79,00   |1,000000|48459,00      |48459,00    |0,000000|8460,00   |0,000000       
jeu_200_25_10.txt   |FJSGVNS             |JSGVNS-Int[20]                | 200      |20,00   |0,480000|48459,00      |48407,90    |0,105450|5624,00   |0,000000       


#====================================================================================================|372097.0

jeu_200_50_1.txt    |Cuadratica          |IHEAIHEA_M                    | 200      |79,00   |1,000000|372097,00     |372097,00   |0,000000|8544,00   |0,000000       
jeu_200_50_1.txt    |Cuadratica          |IHEAIHEA_A                    | 200      |79,00   |1,000000|372097,00     |372097,00   |0,000000|4838,00   |0,000000       
jeu_200_50_1.txt    |FJSGVNS             |JSGVNS-Int[20]                | 200      |1,000000|1,000000|372097,00     |372097,00   |0,000000|317,00    |0,000000       


#====================================================================================================|211130.0

jeu_200_50_2.txt    |Cuadratica          |IHEAIHEA_M                    | 200      |79,00   |0,000000|211110,00     |211090,91   |0,018515|10651,00  |0,000000       
jeu_200_50_2.txt    |Cuadratica          |IHEAIHEA_A                    | 200      |79,00   |0,020000|211130,00     |211110,40   |0,009283|9928,00   |0,000000       
jeu_200_50_2.txt    |FJSGVNS             |JSGVNS-Int[20]                | 200      |20,00   |0,000000|211087,00     |210824,52   |0,144688|8198,00   |0,000000       


#====================================================================================================|227185.0

jeu_200_50_3.txt    |Cuadratica          |IHEAIHEA_M                    | 200      |79,00   |1,000000|227185,00     |227185,00   |0,000000|10464,00  |0,000000       
jeu_200_50_3.txt    |Cuadratica          |IHEAIHEA_A                    | 200      |79,00   |1,000000|227185,00     |227185,00   |0,000000|8509,00   |0,000000       
jeu_200_50_3.txt    |FJSGVNS             |JSGVNS-Int[20]                | 200      |20,00   |0,780000|227185,00     |227168,65   |0,007197|9585,00   |0,000000       


#====================================================================================================|228572.0

jeu_200_50_4.txt    |Cuadratica          |IHEAIHEA_M                    | 200      |79,00   |1,000000|228572,00     |228572,00   |0,000000|8836,00   |0,000000       
jeu_200_50_4.txt    |Cuadratica          |IHEAIHEA_A                    | 200      |79,00   |1,000000|228572,00     |228572,00   |0,000000|6157,00   |0,000000       
jeu_200_50_4.txt    |FJSGVNS             |JSGVNS-Int[20]                | 200      |1,000000|1,000000|228572,00     |228572,00   |0,000000|301,00    |0,000000       


#====================================================================================================|479651.0

jeu_200_50_5.txt    |Cuadratica          |IHEAIHEA_M                    | 200      |79,00   |1,000000|479651,00     |479651,00   |0,000000|8144,00   |0,000000       
jeu_200_50_5.txt    |Cuadratica          |IHEAIHEA_A                    | 200      |79,00   |0,860000|479651,00     |479623,00   |0,005838|4207,00   |0,000000       
jeu_200_50_5.txt    |FJSGVNS             |JSGVNS-Int[20]                | 200      |20,00   |0,990000|479651,00     |479650,61   |0,000081|13719,00  |0,000000       


#====================================================================================================|426777.0

jeu_200_50_6.txt    |Cuadratica          |IHEAIHEA_M                    | 200      |79,00   |1,000000|426777,00     |426777,00   |0,000000|8363,00   |0,000000       
jeu_200_50_6.txt    |Cuadratica          |IHEAIHEA_A                    | 200      |79,00   |1,000000|426777,00     |426777,00   |0,000000|6040,00   |0,000000       
jeu_200_50_6.txt    |FJSGVNS             |JSGVNS-Int[20]                | 200      |20,00   |0,140000|426777,00     |426718,11   |0,013799|12792,00  |0,000000       


#====================================================================================================|220890.0

jeu_200_50_7.txt    |Cuadratica          |IHEAIHEA_M                    | 200      |79,00   |0,730000|220890,00     |220880,58   |0,004265|9961,00   |0,000000       
jeu_200_50_7.txt    |Cuadratica          |IHEAIHEA_A                    | 200      |79,00   |1,000000|220890,00     |220890,00   |0,000000|8499,00   |0,000000       
jeu_200_50_7.txt    |FJSGVNS             |JSGVNS-Int[20]                | 200      |20,00   |0,020000|220890,00     |220659,04   |0,104559|9683,00   |0,000000       


#====================================================================================================|317952.0

jeu_200_50_8.txt    |Cuadratica          |IHEAIHEA_M                    | 200      |79,00   |1,000000|317952,00     |317952,00   |0,000000|9433,00   |0,000000       
jeu_200_50_8.txt    |Cuadratica          |IHEAIHEA_A                    | 200      |79,00   |0,920000|317952,00     |317946,24   |0,001812|5854,00   |0,000000       
jeu_200_50_8.txt    |FJSGVNS             |JSGVNS-Int[20]                | 200      |20,00   |0,370000|317952,00     |317888,20   |0,020066|10882,00  |0,000000       


#====================================================================================================|104936.0

jeu_200_50_9.txt    |Cuadratica          |IHEAIHEA_M                    | 200      |79,00   |0,990000|104936,00     |104935,19   |0,000772|10885,00  |0,000000       
jeu_200_50_9.txt    |Cuadratica          |IHEAIHEA_A                    | 200      |79,00   |1,000000|104936,00     |104936,00   |0,000000|9520,00   |0,000000       
jeu_200_50_9.txt    |FJSGVNS             |JSGVNS-Int[20]                | 200      |20,00   |0,000000|104453,00     |104425,42   |0,486563|7273,00   |0,000000       


#====================================================================================================|284751.0

jeu_200_50_10.txt   |Cuadratica          |IHEAIHEA_M                    | 200      |79,00   |0,510000|284751,00     |284736,04   |0,005254|10267,00  |0,000000       
jeu_200_50_10.txt   |Cuadratica          |IHEAIHEA_A                    | 200      |79,00   |0,620000|284751,00     |284748,72   |0,000801|7779,00   |0,000000       
jeu_200_50_10.txt   |FJSGVNS             |JSGVNS-Int[20]                | 200      |20,00   |0,160000|284751,00     |284702,84   |0,016913|12090,00  |0,000000       


#====================================================================================================|442894.0

jeu_200_75_1.txt    |Cuadratica          |IHEAIHEA_M                    | 200      |79,00   |0,000000|442680,00     |442679,78   |0,048368|9910,00   |0,000000       
jeu_200_75_1.txt    |Cuadratica          |IHEAIHEA_A                    | 200      |79,00   |0,810000|442894,00     |442887,92   |0,001373|10998,00  |0,000000       
jeu_200_75_1.txt    |FJSGVNS             |JSGVNS-Int[20]                | 200      |20,00   |0,000000|442680,00     |442566,29   |0,073993|11010,00  |0,000000       


#====================================================================================================|286643.0

jeu_200_75_2.txt    |Cuadratica          |IHEAIHEA_M                    | 200      |79,00   |0,920000|286643,00     |286642,47   |0,000185|10175,00  |0,000000       
jeu_200_75_2.txt    |Cuadratica          |IHEAIHEA_A                    | 200      |79,00   |0,820000|286643,00     |286637,45   |0,001936|9940,00   |0,000000       
jeu_200_75_2.txt    |FJSGVNS             |JSGVNS-Int[20]                | 200      |20,00   |0,540000|286643,00     |286614,52   |0,009936|14465,00  |0,000000       


#====================================================================================================|61924.0

jeu_200_75_3.txt    |Cuadratica          |IHEAIHEA_M                    | 200      |79,00   |1,000000|61924,00      |61924,00    |0,000000|9637,00   |0,000000       
jeu_200_75_3.txt    |Cuadratica          |IHEAIHEA_A                    | 200      |79,00   |1,000000|61924,00      |61924,00    |0,000000|8155,00   |0,000000       
jeu_200_75_3.txt    |FJSGVNS             |JSGVNS-Int[20]                | 200      |20,00   |0,980000|61924,00      |61922,98    |0,001647|4483,00   |0,000000       


#====================================================================================================|128351.0

jeu_200_75_4.txt    |Cuadratica          |IHEAIHEA_M                    | 200      |79,00   |1,000000|128351,00     |128351,00   |0,000000|8981,00   |0,000000       
jeu_200_75_4.txt    |Cuadratica          |IHEAIHEA_A                    | 200      |79,00   |1,000000|128351,00     |128351,00   |0,000000|7205,00   |0,000000       
jeu_200_75_4.txt    |FJSGVNS             |JSGVNS-Int[20]                | 200      |20,00   |1,000000|128351,00     |128351,00   |0,000000|7332,00   |0,000000       


#====================================================================================================|137885.0

jeu_200_75_5.txt    |Cuadratica          |IHEAIHEA_M                    | 200      |79,00   |1,000000|137885,00     |137885,00   |0,000000|10507,00  |0,000000       
jeu_200_75_5.txt    |Cuadratica          |IHEAIHEA_A                    | 200      |79,00   |1,000000|137885,00     |137885,00   |0,000000|9613,00   |0,000000       
jeu_200_75_5.txt    |FJSGVNS             |JSGVNS-Int[20]                | 200      |20,00   |1,000000|137885,00     |137885,00   |0,000000|8123,00   |0,000000       


#====================================================================================================|229631.0

jeu_200_75_6.txt    |Cuadratica          |IHEAIHEA_M                    | 200      |79,00   |0,910000|229631,00     |229597,55   |0,014567|11285,00  |0,000000       
jeu_200_75_6.txt    |Cuadratica          |IHEAIHEA_A                    | 200      |79,00   |1,000000|229631,00     |229631,00   |0,000000|9376,00   |0,000000       
jeu_200_75_6.txt    |FJSGVNS             |JSGVNS-Int[20]                | 200      |20,00   |1,000000|229631,00     |229631,00   |0,000000|11844,00  |0,000000       


#====================================================================================================|269887.0

jeu_200_75_7.txt    |Cuadratica          |IHEAIHEA_M                    | 200      |79,00   |1,000000|269887,00     |269887,00   |0,000000|9680,00   |0,000000       
jeu_200_75_7.txt    |Cuadratica          |IHEAIHEA_A                    | 200      |79,00   |1,000000|269887,00     |269887,00   |0,000000|8147,00   |0,000000       
jeu_200_75_7.txt    |FJSGVNS             |JSGVNS-Int[20]                | 200      |20,00   |0,990000|269887,00     |269886,29   |0,000263|10768,00  |0,000000       


#====================================================================================================|600858.0

jeu_200_75_8.txt    |Cuadratica          |IHEAIHEA_M                    | 200      |79,00   |0,760000|600858,00     |600826,99   |0,005161|7964,00   |0,000000       
jeu_200_75_8.txt    |Cuadratica          |IHEAIHEA_A                    | 200      |79,00   |1,000000|600858,00     |600858,00   |0,000000|4547,00   |0,000000       
jeu_200_75_8.txt    |FJSGVNS             |JSGVNS-Int[20]                | 200      |20,00   |1,000000|600858,00     |600858,00   |0,000000|17748,00  |0,000000       


#====================================================================================================|516771.0

jeu_200_75_9.txt    |Cuadratica          |IHEAIHEA_M                    | 200      |79,00   |1,000000|516771,00     |516771,00   |0,000000|9421,00   |0,000000       
jeu_200_75_9.txt    |Cuadratica          |IHEAIHEA_A                    | 200      |79,00   |0,970000|516771,00     |516768,61   |0,000462|7487,00   |0,000000       
jeu_200_75_9.txt    |FJSGVNS             |JSGVNS-Int[20]                | 200      |20,00   |0,860000|516771,00     |516760,59   |0,002014|17945,00  |0,000000       


#====================================================================================================|142694.0

jeu_200_75_10.txt   |Cuadratica          |IHEAIHEA_M                    | 200      |79,00   |1,000000|142694,00     |142694,00   |0,000000|10608,00  |0,000000       
jeu_200_75_10.txt   |Cuadratica          |IHEAIHEA_A                    | 200      |79,00   |1,000000|142694,00     |142694,00   |0,000000|8994,00   |0,000000       
jeu_200_75_10.txt   |FJSGVNS             |JSGVNS-Int[20]                | 200      |20,00   |1,000000|142694,00     |142694,00   |0,000000|6764,00   |0,000000       


#====================================================================================================|937149.0

jeu_200_100_1.txt   |Cuadratica          |IHEAIHEA_M                    | 200      |79,00   |0,970000|937149,00     |937144,17   |0,000515|7317,00   |0,000000       
jeu_200_100_1.txt   |Cuadratica          |IHEAIHEA_A                    | 200      |79,00   |1,000000|937149,00     |937149,00   |0,000000|4220,00   |0,000000       
jeu_200_100_1.txt   |FJSGVNS             |JSGVNS-Int[20]                | 200      |20,00   |1,000000|937149,00     |937149,00   |0,000000|25793,00  |0,000000       


#====================================================================================================|303058.0

jeu_200_100_2.txt   |Cuadratica          |IHEAIHEA_M                    | 200      |79,00   |1,000000|303058,00     |303058,00   |0,000000|10509,00  |0,000000       
jeu_200_100_2.txt   |Cuadratica          |IHEAIHEA_A                    | 200      |79,00   |1,000000|303058,00     |303058,00   |0,000000|10047,00  |0,000000       
jeu_200_100_2.txt   |FJSGVNS             |JSGVNS-Int[20]                | 200      |20,00   |0,970000|303058,00     |303056,75   |0,000412|13404,00  |0,000000       


#====================================================================================================|29367.0

jeu_200_100_3.txt   |Cuadratica          |IHEAIHEA_M                    | 200      |79,00   |1,000000|29367,00      |29367,00    |0,000000|7804,00   |0,000000       
jeu_200_100_3.txt   |Cuadratica          |IHEAIHEA_A                    | 200      |79,00   |1,000000|29367,00      |29367,00    |0,000000|6318,00   |0,000000       
jeu_200_100_3.txt   |FJSGVNS             |JSGVNS-Int[20]                | 200      |20,00   |1,000000|29367,00      |29367,00    |0,000000|6115,00   |0,000000       


#====================================================================================================|100838.0

jeu_200_100_4.txt   |Cuadratica          |IHEAIHEA_M                    | 200      |79,00   |1,000000|100838,00     |100838,00   |0,000000|8731,00   |0,000000       
jeu_200_100_4.txt   |Cuadratica          |IHEAIHEA_A                    | 200      |79,00   |1,000000|100838,00     |100838,00   |0,000000|7390,00   |0,000000       
jeu_200_100_4.txt   |FJSGVNS             |JSGVNS-Int[20]                | 200      |20,00   |1,000000|100838,00     |100838,00   |0,000000|13480,00  |0,000000       


#====================================================================================================|786635.0

jeu_200_100_5.txt   |Cuadratica          |IHEAIHEA_M                    | 200      |79,00   |1,000000|786635,00     |786635,00   |0,000000|7562,00   |0,000000       
jeu_200_100_5.txt   |Cuadratica          |IHEAIHEA_A                    | 200      |79,00   |1,000000|786635,00     |786635,00   |0,000000|5293,00   |0,000000       
jeu_200_100_5.txt   |FJSGVNS             |JSGVNS-Int[20]                | 200      |20,00   |1,000000|786635,00     |786635,00   |0,000000|22451,00  |0,000000       


#====================================================================================================|41171.0

jeu_200_100_6.txt   |Cuadratica          |IHEAIHEA_M                    | 200      |79,00   |1,000000|41171,00      |41171,00    |0,000000|7423,00   |0,000000       
jeu_200_100_6.txt   |Cuadratica          |IHEAIHEA_A                    | 200      |79,00   |1,000000|41171,00      |41171,00    |0,000000|6071,00   |0,000000       
jeu_200_100_6.txt   |FJSGVNS             |JSGVNS-Int[20]                | 200      |1,000000|1,000000|41171,00      |41171,00    |0,000000|144,00    |0,000000       


#====================================================================================================|701094.0

jeu_200_100_7.txt   |Cuadratica          |IHEAIHEA_M                    | 200      |79,00   |1,000000|701094,00     |701094,00   |0,000000|8126,00   |0,000000       
jeu_200_100_7.txt   |Cuadratica          |IHEAIHEA_A                    | 200      |79,00   |0,890000|701094,00     |701073,25   |0,002960|6671,00   |0,000000       
jeu_200_100_7.txt   |FJSGVNS             |JSGVNS-Int[20]                | 200      |20,00   |1,000000|701094,00     |701094,00   |0,000000|18150,00  |0,000000       


#====================================================================================================|782443.0

jeu_200_100_8.txt   |Cuadratica          |IHEAIHEA_M                    | 200      |79,00   |1,000000|782443,00     |782443,00   |0,000000|8151,00   |0,000000       
jeu_200_100_8.txt   |Cuadratica          |IHEAIHEA_A                    | 200      |79,00   |1,000000|782443,00     |782443,00   |0,000000|7567,00   |0,000000       
jeu_200_100_8.txt   |FJSGVNS             |JSGVNS-Int[20]                | 200      |20,00   |0,950000|782443,00     |782441,25   |0,000224|21676,00  |0,000000       


#====================================================================================================|628992.0

jeu_200_100_9.txt   |Cuadratica          |IHEAIHEA_M                    | 200      |79,00   |1,000000|628992,00     |628992,00   |0,000000|9031,00   |0,000000       
jeu_200_100_9.txt   |Cuadratica          |IHEAIHEA_A                    | 200      |79,00   |1,000000|628992,00     |628992,00   |0,000000|7909,00   |0,000000       
jeu_200_100_9.txt   |FJSGVNS             |JSGVNS-Int[20]                | 200      |20,00   |1,000000|628992,00     |628992,00   |0,000000|27528,00  |0,000000       


#====================================================================================================|378442.0

jeu_200_100_10.txt  |Cuadratica          |IHEAIHEA_M                    | 200      |79,00   |1,000000|378442,00     |378442,00   |0,000000|10711,00  |0,000000       
jeu_200_100_10.txt  |Cuadratica          |IHEAIHEA_A                    | 200      |79,00   |1,000000|378442,00     |378442,00   |0,000000|9398,00   |0,000000       
jeu_200_100_10.txt  |FJSGVNS             |JSGVNS-Int[20]                | 200      |20,00   |1,000000|378442,00     |378442,00   |0,000000|15684,00  |0,000000       


#====================================================================================================|29140.0

jeu_300_25_1.txt    |Cuadratica          |IHEAIHEA_M                    | 300      |82,00   |1,000000|29140,00      |29140,00    |0,000000|12301,00  |0,000000       
jeu_300_25_1.txt    |Cuadratica          |IHEAIHEA_A                    | 300      |82,00   |1,000000|29140,00      |29140,00    |0,000000|10366,00  |0,000000       
jeu_300_25_1.txt    |FJSGVNS             |JSGVNS-Int[20]                | 300      |20,00   |0,030000|29140,00      |29080,05    |0,205731|5483,00   |0,000000       


#====================================================================================================|281990.0

jeu_300_25_2.txt    |Cuadratica          |IHEAIHEA_M                    | 300      |82,00   |0,970000|281990,00     |281989,35   |0,000231|13048,00  |0,000000       
jeu_300_25_2.txt    |Cuadratica          |IHEAIHEA_A                    | 300      |82,00   |0,980000|281990,00     |281989,66   |0,000121|12005,00  |0,000000       
jeu_300_25_2.txt    |FJSGVNS             |JSGVNS-Int[20]                | 300      |20,00   |0,020000|281990,00     |281650,02   |0,120565|8457,00   |0,000000       


#====================================================================================================|444759.0

jeu_300_25_4.txt    |Cuadratica          |IHEAIHEA_M                    | 300      |82,00   |0,850000|444759,00     |444752,23   |0,001522|12333,00  |0,000000       
jeu_300_25_4.txt    |Cuadratica          |IHEAIHEA_A                    | 300      |82,00   |0,190000|444759,00     |444731,46   |0,006192|10181,00  |0,000000       
jeu_300_25_4.txt    |FJSGVNS             |JSGVNS-Int[20]                | 300      |20,00   |0,020000|444759,00     |444292,92   |0,104794|13300,00  |0,000000       


#====================================================================================================|14988.0

jeu_300_25_5.txt    |Cuadratica          |IHEAIHEA_M                    | 300      |82,00   |0,970000|14988,00      |14986,41    |0,010608|11737,00  |0,000000       
jeu_300_25_5.txt    |Cuadratica          |IHEAIHEA_A                    | 300      |82,00   |1,000000|14988,00      |14988,00    |0,000000|9344,00   |0,000000       
jeu_300_25_5.txt    |FJSGVNS             |JSGVNS-Int[20]                | 300      |20,00   |0,010000|14988,00      |14935,53    |0,350080|5317,00   |0,000000       


#====================================================================================================|269782.0

jeu_300_25_6.txt    |Cuadratica          |IHEAIHEA_M                    | 300      |82,00   |0,940000|269782,00     |269777,54   |0,001653|12943,00  |0,000000       
jeu_300_25_6.txt    |Cuadratica          |IHEAIHEA_A                    | 300      |82,00   |1,000000|269782,00     |269782,00   |0,000000|11381,00  |0,000000       
jeu_300_25_6.txt    |FJSGVNS             |JSGVNS-Int[20]                | 300      |20,00   |0,150000|269782,00     |269695,35   |0,032119|10555,00  |0,000000       


#====================================================================================================|485263.0

jeu_300_25_7.txt    |Cuadratica          |IHEAIHEA_M                    | 300      |82,00   |0,200000|485263,00     |485061,69   |0,041485|12609,00  |0,000000       
jeu_300_25_7.txt    |Cuadratica          |IHEAIHEA_A                    | 300      |82,00   |0,300000|485263,00     |485241,30   |0,004472|8502,00   |0,000000       
jeu_300_25_7.txt    |FJSGVNS             |JSGVNS-Int[20]                | 300      |20,00   |0,000000|485232,00     |484426,76   |0,172327|11198,00  |0,000000       


#====================================================================================================|9343.0

jeu_300_25_8.txt    |Cuadratica          |IHEAIHEA_M                    | 300      |82,00   |1,000000|9343,00       |9343,00     |0,000000|11019,00  |0,000000       
jeu_300_25_8.txt    |Cuadratica          |IHEAIHEA_A                    | 300      |82,00   |1,000000|9343,00       |9343,00     |0,000000|7930,00   |0,000000       
jeu_300_25_8.txt    |FJSGVNS             |JSGVNS-Int[20]                | 300      |20,00   |1,000000|9343,00       |9343,00     |0,000000|4733,00   |0,000000       


#====================================================================================================|250761.0

jeu_300_25_9.txt    |Cuadratica          |IHEAIHEA_M                    | 300      |82,00   |0,980000|250761,00     |250760,80   |0,000080|13399,00  |0,000000       
jeu_300_25_9.txt    |Cuadratica          |IHEAIHEA_A                    | 300      |82,00   |0,960000|250761,00     |250757,52   |0,001388|13533,00  |0,000000       
jeu_300_25_9.txt    |FJSGVNS             |JSGVNS-Int[20]                | 300      |20,00   |0,000000|250638,00     |250312,94   |0,178680|9406,00   |0,000000       


#====================================================================================================|383377.0

jeu_300_25_10.txt   |Cuadratica          |IHEAIHEA_M                    | 300      |82,00   |1,000000|383377,00     |383377,00   |0,000000|12760,00  |0,000000       
jeu_300_25_10.txt   |Cuadratica          |IHEAIHEA_A                    | 300      |82,00   |1,000000|383377,00     |383377,00   |0,000000|9417,00   |0,000000       
jeu_300_25_10.txt   |FJSGVNS             |JSGVNS-Int[20]                | 300      |20,00   |0,050000|383377,00     |383047,95   |0,085829|11394,00  |0,000000       


#====================================================================================================|228681.0

jeu_300_25_11.txt   |Cuadratica          |IHEAIHEA_M                    | 300      |82,00   |1,000000|228681,00     |228681,00   |0,000000|13471,00  |0,000000       
jeu_300_25_11.txt   |Cuadratica          |IHEAIHEA_A                    | 300      |82,00   |0,980000|228681,00     |228679,18   |0,000796|12252,00  |0,000000       
jeu_300_25_11.txt   |FJSGVNS             |JSGVNS-Int[20]                | 300      |1,000000|1,000000|228681,00     |228681,00   |0,000000|324,00    |0,000000       


#====================================================================================================|392829.0

jeu_300_25_12.txt   |Cuadratica          |IHEAIHEA_M                    | 300      |82,00   |0,980000|392829,00     |392828,36   |0,000163|12441,00  |0,000000       
jeu_300_25_12.txt   |Cuadratica          |IHEAIHEA_A                    | 300      |82,00   |0,970000|392829,00     |392828,04   |0,000244|9245,00   |0,000000       
jeu_300_25_12.txt   |FJSGVNS             |JSGVNS-Int[20]                | 300      |20,00   |0,050000|392829,00     |392575,00   |0,064659|12022,00  |0,000000       


#====================================================================================================|395598.0

jeu_300_25_13.txt   |Cuadratica          |IHEAIHEA_M                    | 300      |82,00   |0,930000|395598,00     |395595,91   |0,000528|12777,00  |0,000000       
jeu_300_25_13.txt   |Cuadratica          |IHEAIHEA_A                    | 300      |82,00   |0,990000|395598,00     |395597,48   |0,000131|10922,00  |0,000000       
jeu_300_25_13.txt   |FJSGVNS             |JSGVNS-Int[20]                | 300      |20,00   |0,000000|395452,00     |395130,81   |0,118097|10946,00  |0,000000       


#====================================================================================================|462104.0

jeu_300_25_14.txt   |Cuadratica          |IHEAIHEA_M                    | 300      |82,00   |0,100000|462104,00     |461975,58   |0,027790|12707,00  |0,000000       
jeu_300_25_14.txt   |Cuadratica          |IHEAIHEA_A                    | 300      |82,00   |1,000000|462104,00     |462104,00   |0,000000|10826,00  |0,000000       
jeu_300_25_14.txt   |FJSGVNS             |JSGVNS-Int[20]                | 300      |20,00   |0,050000|462104,00     |462027,81   |0,016488|13450,00  |0,000000       


#====================================================================================================|24516.0

jeu_300_25_15.txt   |Cuadratica          |IHEAIHEA_M                    | 300      |82,00   |0,640000|24516,00      |24510,91    |0,020762|11957,00  |0,000000       
jeu_300_25_15.txt   |Cuadratica          |IHEAIHEA_A                    | 300      |82,00   |0,970000|24516,00      |24515,58    |0,001713|10188,00  |0,000000       
jeu_300_25_15.txt   |FJSGVNS             |JSGVNS-Int[20]                | 300      |20,00   |0,000000|24497,00      |24409,53    |0,434288|5243,00   |0,000000       


#====================================================================================================|60063.0

jeu_300_25_16.txt   |Cuadratica          |IHEAIHEA_M                    | 300      |82,00   |0,950000|60063,00      |60062,75    |0,000416|13075,00  |0,000000       
jeu_300_25_16.txt   |Cuadratica          |IHEAIHEA_A                    | 300      |82,00   |0,800000|60063,00      |60061,91    |0,001815|11950,00  |0,000000       
jeu_300_25_16.txt   |FJSGVNS             |JSGVNS-Int[20]                | 300      |20,00   |0,090000|60063,00      |59849,07    |0,356176|6117,00   |0,000000       


#====================================================================================================|431225.0

jeu_300_25_17.txt   |Cuadratica          |IHEAIHEA_M                    | 300      |82,00   |0,540000|431225,00     |431111,90   |0,026228|13249,00  |0,000000       
jeu_300_25_17.txt   |Cuadratica          |IHEAIHEA_A                    | 300      |82,00   |1,000000|431225,00     |431225,00   |0,000000|9702,00   |0,000000       
jeu_300_25_17.txt   |FJSGVNS             |JSGVNS-Int[20]                | 300      |20,00   |0,000000|430693,00     |430252,35   |0,225555|10795,00  |0,000000       


#====================================================================================================|516936.0

jeu_300_25_18.txt   |Cuadratica          |IHEAIHEA_M                    | 300      |82,00   |1,000000|516936,00     |516936,00   |0,000000|11826,00  |0,000000       
jeu_300_25_18.txt   |Cuadratica          |IHEAIHEA_A                    | 300      |82,00   |1,000000|516936,00     |516936,00   |0,000000|8569,00   |0,000000       
jeu_300_25_18.txt   |FJSGVNS             |JSGVNS-Int[20]                | 300      |20,00   |0,430000|516936,00     |516869,46   |0,012872|15170,00  |0,000000       


#====================================================================================================|203262.0

jeu_300_25_19.txt   |Cuadratica          |IHEAIHEA_M                    | 300      |82,00   |1,000000|203262,00     |203262,00   |0,000000|13526,00  |0,000000       
jeu_300_25_19.txt   |Cuadratica          |IHEAIHEA_A                    | 300      |82,00   |1,000000|203262,00     |203262,00   |0,000000|13289,00  |0,000000       
jeu_300_25_19.txt   |FJSGVNS             |JSGVNS-Int[20]                | 300      |1,000000|1,000000|203262,00     |203262,00   |0,000000|350,00    |0,000000       


#====================================================================================================|311251.0

jeu_300_25_20.txt   |Cuadratica          |IHEAIHEA_M                    | 300      |82,00   |1,000000|311251,00     |311251,00   |0,000000|12637,00  |0,000000       
jeu_300_25_20.txt   |Cuadratica          |IHEAIHEA_A                    | 300      |82,00   |0,990000|311251,00     |311250,05   |0,000305|11240,00  |0,000000       
jeu_300_25_20.txt   |FJSGVNS             |JSGVNS-Int[20]                | 300      |20,00   |0,000000|311222,00     |311125,93   |0,040183|7500,00   |0,000000       


#====================================================================================================|513379.0

jeu_300_50_1.txt    |Cuadratica          |IHEAIHEA_M                    | 300      |82,00   |1,000000|513379,00     |513379,00   |0,000000|13698,00  |0,000000       
jeu_300_50_1.txt    |Cuadratica          |IHEAIHEA_A                    | 300      |82,00   |1,000000|513379,00     |513379,00   |0,000000|11911,00  |0,000000       
jeu_300_50_1.txt    |FJSGVNS             |JSGVNS-Int[20]                | 300      |20,00   |0,250000|513379,00     |513286,27   |0,018063|11836,00  |0,000000       


#====================================================================================================|105543.0

jeu_300_50_2.txt    |Cuadratica          |IHEAIHEA_M                    | 300      |82,00   |1,000000|105543,00     |105543,00   |0,000000|13600,00  |0,000000       
jeu_300_50_2.txt    |Cuadratica          |IHEAIHEA_A                    | 300      |82,00   |1,000000|105543,00     |105543,00   |0,000000|11236,00  |0,000000       
jeu_300_50_2.txt    |FJSGVNS             |JSGVNS-Int[20]                | 300      |1,000000|1,000000|105543,00     |105543,00   |0,000000|317,00    |0,000000       


#====================================================================================================|875788.0

jeu_300_50_3.txt    |Cuadratica          |IHEAIHEA_M                    | 300      |82,00   |0,430000|875788,00     |875617,40   |0,019480|13337,00  |0,000000       
jeu_300_50_3.txt    |Cuadratica          |IHEAIHEA_A                    | 300      |82,00   |1,000000|875788,00     |875788,00   |0,000000|10793,00  |0,000000       
jeu_300_50_3.txt    |FJSGVNS             |JSGVNS-Int[20]                | 300      |20,00   |0,000000|875136,00     |874498,65   |0,147222|13626,00  |0,000000       


#====================================================================================================|307124.0

jeu_300_50_4.txt    |Cuadratica          |IHEAIHEA_M                    | 300      |82,00   |1,000000|307124,00     |307124,00   |0,000000|13905,00  |0,000000       
jeu_300_50_4.txt    |Cuadratica          |IHEAIHEA_A                    | 300      |82,00   |1,000000|307124,00     |307124,00   |0,000000|12611,00  |0,000000       
jeu_300_50_4.txt    |FJSGVNS             |JSGVNS-Int[20]                | 300      |20,00   |0,440000|307124,00     |307080,02   |0,014320|11712,00  |0,000000       


#====================================================================================================|727820.0

jeu_300_50_5.txt    |Cuadratica          |IHEAIHEA_M                    | 300      |82,00   |1,000000|727820,00     |727820,00   |0,000000|13080,00  |0,000000       
jeu_300_50_5.txt    |Cuadratica          |IHEAIHEA_A                    | 300      |82,00   |1,000000|727820,00     |727820,00   |0,000000|10756,00  |0,000000       
jeu_300_50_5.txt    |FJSGVNS             |JSGVNS-Int[20]                | 300      |20,00   |0,000000|727706,00     |727258,31   |0,077174|12385,00  |0,000000       


#====================================================================================================|734053.0

jeu_300_50_6.txt    |Cuadratica          |IHEAIHEA_M                    | 300      |82,00   |1,000000|734053,00     |734053,00   |0,000000|12963,00  |0,000000       
jeu_300_50_6.txt    |Cuadratica          |IHEAIHEA_A                    | 300      |82,00   |1,000000|734053,00     |734053,00   |0,000000|9644,00   |0,000000       
jeu_300_50_6.txt    |FJSGVNS             |JSGVNS-Int[20]                | 300      |20,00   |0,140000|734053,00     |733913,60   |0,018990|14189,00  |0,000000       


#====================================================================================================|43595.0

jeu_300_50_7.txt    |Cuadratica          |IHEAIHEA_M                    | 300      |82,00   |0,950000|43595,00      |43593,53    |0,003372|13028,00  |0,000000       
jeu_300_50_7.txt    |Cuadratica          |IHEAIHEA_A                    | 300      |82,00   |1,000000|43595,00      |43595,00    |0,000000|10077,00  |0,000000       
jeu_300_50_7.txt    |FJSGVNS             |JSGVNS-Int[20]                | 300      |20,00   |0,820000|43595,00      |43591,58    |0,007845|7887,00   |0,000000       


#====================================================================================================|767977.0

jeu_300_50_8.txt    |Cuadratica          |IHEAIHEA_M                    | 300      |82,00   |1,000000|767977,00     |767977,00   |0,000000|13175,00  |0,000000       
jeu_300_50_8.txt    |Cuadratica          |IHEAIHEA_A                    | 300      |82,00   |1,000000|767977,00     |767977,00   |0,000000|10645,00  |0,000000       
jeu_300_50_8.txt    |FJSGVNS             |JSGVNS-Int[20]                | 300      |20,00   |0,290000|767977,00     |767945,77   |0,004067|16705,00  |0,000000       


#====================================================================================================|761351.0

jeu_300_50_9.txt    |Cuadratica          |IHEAIHEA_M                    | 300      |82,00   |0,930000|761351,00     |761344,76   |0,000820|13307,00  |0,000000       
jeu_300_50_9.txt    |Cuadratica          |IHEAIHEA_A                    | 300      |82,00   |1,000000|761351,00     |761351,00   |0,000000|9774,00   |0,000000       
jeu_300_50_9.txt    |FJSGVNS             |JSGVNS-Int[20]                | 300      |20,00   |0,110000|761351,00     |761221,82   |0,016967|18631,00  |0,000000       


#====================================================================================================|996070.0

jeu_300_50_10.txt   |Cuadratica          |IHEAIHEA_M                    | 300      |82,00   |0,510000|996070,00     |995163,01   |0,091057|13282,00  |0,000000       
jeu_300_50_10.txt   |Cuadratica          |IHEAIHEA_A                    | 300      |82,00   |1,000000|996070,00     |996070,00   |0,000000|11081,00  |0,000000       
jeu_300_50_10.txt   |FJSGVNS             |JSGVNS-Int[20]                | 300      |20,00   |0,000000|994185,00     |993934,28   |0,214415|16218,00  |0,000000       


#====================================================================================================|423256.0

jeu_300_50_11.txt   |Cuadratica          |IHEAIHEA_M                    | 300      |82,00   |0,940000|423256,00     |423255,58   |0,000099|14083,00  |0,000000       
jeu_300_50_11.txt   |Cuadratica          |IHEAIHEA_A                    | 300      |82,00   |0,590000|423256,00     |423252,41   |0,000848|13496,00  |0,000000       
jeu_300_50_11.txt   |FJSGVNS             |JSGVNS-Int[20]                | 300      |20,00   |0,000000|423249,00     |423121,18   |0,031853|10839,00  |0,000000       


#====================================================================================================|407905.0

jeu_300_50_12.txt   |Cuadratica          |IHEAIHEA_M                    | 300      |82,00   |0,040000|407905,00     |407837,17   |0,016629|14133,00  |0,000000       
jeu_300_50_12.txt   |Cuadratica          |IHEAIHEA_A                    | 300      |82,00   |1,000000|407905,00     |407905,00   |0,000000|14246,00  |0,000000       
jeu_300_50_12.txt   |FJSGVNS             |JSGVNS-Int[20]                | 300      |20,00   |0,000000|407832,00     |407689,16   |0,052914|12502,00  |0,000000       


#====================================================================================================|205566.0

jeu_300_50_13.txt   |Cuadratica          |IHEAIHEA_M                    | 300      |82,00   |0,020000|205566,00     |205459,47   |0,051823|14093,00  |0,000000       
jeu_300_50_13.txt   |Cuadratica          |IHEAIHEA_A                    | 300      |82,00   |1,000000|205566,00     |205566,00   |0,000000|14269,00  |0,000000       
jeu_300_50_13.txt   |FJSGVNS             |JSGVNS-Int[20]                | 300      |20,00   |0,000000|205458,00     |205306,17   |0,126397|9423,00   |0,000000       


#====================================================================================================|972880.0

jeu_300_50_14.txt   |Cuadratica          |IHEAIHEA_M                    | 300      |82,00   |0,950000|972880,00     |972877,51   |0,000256|12920,00  |0,000000       
jeu_300_50_14.txt   |Cuadratica          |IHEAIHEA_A                    | 300      |82,00   |0,550000|972880,00     |972877,30   |0,000278|9493,00   |0,000000       
jeu_300_50_14.txt   |FJSGVNS             |JSGVNS-Int[20]                | 300      |20,00   |0,390000|972880,00     |972865,74   |0,001466|25695,00  |0,000000       


#====================================================================================================|958289.0

jeu_300_50_15.txt   |Cuadratica          |IHEAIHEA_M                    | 300      |82,00   |1,000000|958289,00     |958289,00   |0,000000|12909,00  |0,000000       
jeu_300_50_15.txt   |Cuadratica          |IHEAIHEA_A                    | 300      |82,00   |1,000000|958289,00     |958289,00   |0,000000|9034,00   |0,000000       
jeu_300_50_15.txt   |FJSGVNS             |JSGVNS-Int[20]                | 300      |20,00   |0,110000|958289,00     |958075,10   |0,022321|14894,00  |0,000000       


#====================================================================================================|1038127.0

jeu_300_50_16.txt   |Cuadratica          |IHEAIHEA_M                    | 300      |82,00   |1,000000|1038127,00    |1038127,00  |0,000000|12491,00  |0,000000       
jeu_300_50_16.txt   |Cuadratica          |IHEAIHEA_A                    | 300      |82,00   |1,000000|1038127,00    |1038127,00  |0,000000|8138,00   |0,000000       
jeu_300_50_16.txt   |FJSGVNS             |JSGVNS-Int[20]                | 300      |20,00   |0,530000|1038127,00    |1038029,84  |0,009359|17617,00  |0,000000       


#====================================================================================================|253808.0

jeu_300_50_17.txt   |Cuadratica          |IHEAIHEA_M                    | 300      |82,00   |0,980000|253808,00     |253806,32   |0,000662|13942,00  |0,000000       
jeu_300_50_17.txt   |Cuadratica          |IHEAIHEA_A                    | 300      |82,00   |1,000000|253808,00     |253808,00   |0,000000|11973,00  |0,000000       
jeu_300_50_17.txt   |FJSGVNS             |JSGVNS-Int[20]                | 300      |20,00   |1,000000|253808,00     |253808,00   |0,000000|13520,00  |0,000000       


#====================================================================================================|98772.0

jeu_300_50_18.txt   |Cuadratica          |IHEAIHEA_M                    | 300      |82,00   |1,000000|98772,00      |98772,00    |0,000000|13401,00  |0,000000       
jeu_300_50_18.txt   |Cuadratica          |IHEAIHEA_A                    | 300      |82,00   |0,770000|98772,00      |98770,39    |0,001630|11240,00  |0,000000       
jeu_300_50_18.txt   |FJSGVNS             |JSGVNS-Int[20]                | 300      |20,00   |0,170000|98772,00      |98742,19    |0,030181|7490,00   |0,000000       


#====================================================================================================|559374.0

jeu_300_50_19.txt   |Cuadratica          |IHEAIHEA_M                    | 300      |82,00   |0,400000|559374,00     |559196,52   |0,031728|14034,00  |0,000000       
jeu_300_50_19.txt   |Cuadratica          |IHEAIHEA_A                    | 300      |82,00   |1,000000|559374,00     |559374,00   |0,000000|12767,00  |0,000000       
jeu_300_50_19.txt   |FJSGVNS             |JSGVNS-Int[20]                | 300      |20,00   |0,000000|558921,00     |558505,49   |0,155265|12445,00  |0,000000       


#====================================================================================================|890913.0

jeu_300_50_20.txt   |Cuadratica          |IHEAIHEA_M                    | 300      |82,00   |0,940000|890913,00     |890912,41   |0,000066|12529,00  |0,000000       
jeu_300_50_20.txt   |Cuadratica          |IHEAIHEA_A                    | 300      |82,00   |0,990000|890913,00     |890912,88   |0,000013|9227,00   |0,000000       
jeu_300_50_20.txt   |FJSGVNS             |JSGVNS-Int[20]                | 300      |20,00   |0,060000|890913,00     |890779,84   |0,014946|16020,00  |0,000000       


--------------------RESUMEN-----------------
Algoritmo[IHEAIHEA_M]
aciertos:90,36%
desviacion:0,004496
tiempo promedio:8481,25ms
-----------
Algoritmo[IHEAIHEA_A]
aciertos:93,97%
desviacion:0,001336
tiempo promedio:6922,32ms
-----------
Algoritmo[JSGVNS-Int[20]]
aciertos:58,17%
desviacion:0,057188
tiempo promedio:9007,42ms
-----------

