----------------------------------------------------------.
Numero Intentos:100
NPI: Numero iteraciones promedio.
TP: Tiempo Promedio.
TE: Tasa de exito.
DPR: Desviación porcentual relativa.
----------------------------------------------------------.
NOMBRE              |FUNCION             |ALGORITMO                     |DIMENSION |NPI     |TE      |MEJOR OPTIMO  |PROM OPTIMOS|DPR     |TP        |EVALUACIONES
#====================================================================================================|5663590.0
1000_50_1.txt       |Cuadratica          |IHEASS                        |1000      |96,00   |0,200000|5663590,00    |5663520,63  |0,001225|188095,00 |0,000000
1000_50_1.txt       |Cuadratica          |IHEAIHEA_M                    |1000      |96,00   |0,760000|5663590,00    |5663577,38  |0,000223|80470,00  |0,000000       
1000_50_1.txt       |Cuadratica          |IHEAIHEA_A                    |1000      |96,00   |0,690000|5663590,00    |5663571,65  |0,000324|91133,00  |0,000000
#====================================================================================================|180831.0
1000_50_2.txt       |Cuadratica          |IHEASS                        |1000      |96,00   |0,940000|180831,00     |180830,58   |0,000232|160812,00 |0,000000
1000_50_2.txt       |Cuadratica          |IHEAIHEA_M                    |1000      |96,00   |0,990000|180831,00     |180830,93   |0,000039|48083,00  |0,000000       
1000_50_2.txt       |Cuadratica          |IHEAIHEA_A                    |1000      |96,00   |1,000000|180831,00     |180831,00   |0,000000|33165,00  |0,000000
#====================================================================================================|1.1384283E7
1000_50_3.txt       |Cuadratica          |IHEASS                        |1000      |96,00   |0,700000|11384283,00   |11384269,02 |0,000123|120182,00 |0,000000
1000_50_3.txt       |Cuadratica          |IHEAIHEA_M                    |1000      |96,00   |0,410000|11384283,00   |11384091,51 |0,001682|78803,00  |0,000000       
1000_50_3.txt       |Cuadratica          |IHEAIHEA_A                    |1000      |96,00   |0,380000|11384283,00   |11384094,04 |0,001660|73834,00  |0,000000
#====================================================================================================|322226.0
1000_50_4.txt       |Cuadratica          |IHEASS                        |1000      |96,00   |0,920000|322226,00     |322225,68   |0,000099|180380,00 |0,000000
1000_50_4.txt       |Cuadratica          |IHEAIHEA_M                    |1000      |96,00   |0,690000|322226,00     |322203,86   |0,006871|64493,00  |0,000000       
1000_50_4.txt       |Cuadratica          |IHEAIHEA_A                    |1000      |96,00   |0,810000|322226,00     |322224,48   |0,000472|55426,00  |0,000000
#====================================================================================================|9984247.0
1000_50_5.txt       |Cuadratica          |IHEASS                        |1000      |96,00   |0,000000|9982832,00    |9979323,19  |0,049316|132266,00 |0,000000
1000_50_5.txt       |Cuadratica          |IHEAIHEA_M                    |1000      |96,00   |0,020000|9984247,00    |9984096,17  |0,001511|66265,00  |0,000000       
1000_50_5.txt       |Cuadratica          |IHEAIHEA_A                    |1000      |96,00   |0,020000|9984247,00    |9984107,89  |0,001393|62490,00  |0,000000
#====================================================================================================|4106261.0
1000_50_6.txt       |Cuadratica          |IHEASS                        |1000      |96,00   |0,000000|4104979,00    |4102957,69  |0,080446|214397,00 |0,000000
1000_50_6.txt       |Cuadratica          |IHEAIHEA_M                    |1000      |96,00   |1,000000|4106261,00    |4106261,00  |0,000000|66138,00  |0,000000       
1000_50_6.txt       |Cuadratica          |IHEAIHEA_A                    |1000      |96,00   |1,000000|4106261,00    |4106261,00  |0,000000|76533,00  |0,000000
#====================================================================================================|1.049837E7
1000_50_7.txt       |Cuadratica          |IHEASS                        |1000      |96,00   |0,030000|10498370,00   |10497380,75 |0,009423|129185,00 |0,000000
1000_50_7.txt       |Cuadratica          |IHEAIHEA_M                    |1000      |96,00   |0,480000|10498370,00   |10498324,70 |0,000431|58903,00  |0,000000       
1000_50_7.txt       |Cuadratica          |IHEAIHEA_A                    |1000      |96,00   |0,570000|10498370,00   |10498328,46 |0,000396|52191,00  |0,000000
#====================================================================================================|4981146.0
1000_50_8.txt       |Cuadratica          |IHEASS                        |1000      |96,00   |0,000000|4976177,00    |4975324,74  |0,116866|208195,00 |0,000000
1000_50_8.txt       |Cuadratica          |IHEAIHEA_M                    |1000      |96,00   |0,000000|4980282,00    |4980206,64  |0,018858|75301,00  |0,000000       
1000_50_8.txt       |Cuadratica          |IHEAIHEA_A                    |1000      |96,00   |0,000000|4980282,00    |4980190,47  |0,019183|86760,00  |0,000000
#====================================================================================================|1727861.0
1000_50_9.txt       |Cuadratica          |IHEASS                        |1000      |96,00   |0,980000|1727861,00    |1727858,90  |0,000122|219052,00 |0,000000
1000_50_9.txt       |Cuadratica          |IHEAIHEA_M                    |1000      |96,00   |0,230000|1727861,00    |1727634,37  |0,013116|86751,00  |0,000000       
1000_50_9.txt       |Cuadratica          |IHEAIHEA_A                    |1000      |96,00   |0,230000|1727861,00    |1727593,60  |0,015476|93443,00  |0,000000
#====================================================================================================|2340724.0
1000_50_10.txt      |Cuadratica          |IHEASS                        |1000      |96,00   |0,000000|2338159,00    |2337477,54  |0,138695|221055,00 |0,000000
1000_50_10.txt      |Cuadratica          |IHEAIHEA_M                    |1000      |96,00   |0,240000|2340724,00    |2340653,45  |0,003014|85165,00  |0,000000       
1000_50_10.txt      |Cuadratica          |IHEAIHEA_A                    |1000      |96,00   |0,190000|2340724,00    |2340644,44  |0,003399|92934,00  |0,000000
#====================================================================================================|1.1570056E7
1000_75_1.txt       |Cuadratica          |IHEASS                        |1000      |96,00   |0,000000|11566423,00   |11561879,04 |0,070673|158100,00 |0,000000
1000_75_1.txt       |Cuadratica          |IHEAIHEA_M                    |1000      |96,00   |0,110000|11570056,00   |11569992,92 |0,000545|67234,00  |0,000000       
1000_75_1.txt       |Cuadratica          |IHEAIHEA_A                    |1000      |96,00   |0,050000|11570056,00   |11570003,54 |0,000453|71285,00  |0,000000
#====================================================================================================|1901389.0
1000_75_2.txt       |Cuadratica          |IHEASS                        |1000      |96,00   |0,000000|1900816,00    |1900017,18  |0,072148|217771,00 |0,000000
1000_75_2.txt       |Cuadratica          |IHEAIHEA_M                    |1000      |96,00   |0,620000|1901389,00    |1901278,82  |0,005795|78517,00  |0,000000       
1000_75_2.txt       |Cuadratica          |IHEAIHEA_A                    |1000      |96,00   |0,600000|1901389,00    |1901289,01  |0,005259|81217,00  |0,000000
#====================================================================================================|2096485.0
1000_75_3.txt       |Cuadratica          |IHEASS                        |1000      |96,00   |1,000000|2096485,00    |2096485,00  |0,000000|220872,00 |0,000000
1000_75_3.txt       |Cuadratica          |IHEAIHEA_M                    |1000      |96,00   |0,290000|2096485,00    |2093634,16  |0,135982|83087,00  |0,000000       
1000_75_3.txt       |Cuadratica          |IHEAIHEA_A                    |1000      |96,00   |0,280000|2096485,00    |2093938,74  |0,121454|88392,00  |0,000000
#====================================================================================================|7305321.0
1000_75_4.txt       |Cuadratica          |IHEASS                        |1000      |96,00   |0,000000|7302728,00    |7300503,99  |0,065938|206529,00 |0,000000
1000_75_4.txt       |Cuadratica          |IHEAIHEA_M                    |1000      |96,00   |0,990000|7305321,00    |7305320,99  |0,000000|71213,00  |0,000000       
1000_75_4.txt       |Cuadratica          |IHEAIHEA_A                    |1000      |96,00   |0,980000|7305321,00    |7305319,39  |0,000022|80408,00  |0,000000
#====================================================================================================|1.3970842E7
1000_75_5.txt       |Cuadratica          |IHEASS                        |1000      |96,00   |0,000000|13961712,00   |13961506,02 |0,066825|146671,00 |0,000000
1000_75_5.txt       |Cuadratica          |IHEAIHEA_M                    |1000      |96,00   |0,000000|13970240,00   |13969862,10 |0,007014|81334,00  |0,000000       
1000_75_5.txt       |Cuadratica          |IHEAIHEA_A                    |1000      |96,00   |0,000000|13970240,00   |13969870,81 |0,006952|84816,00  |0,000000
#====================================================================================================|1.2288738E7
1000_75_6.txt       |Cuadratica          |IHEASS                        |1000      |96,00   |0,000000|12288115,00   |12286296,55 |0,019867|155458,00 |0,000000
1000_75_6.txt       |Cuadratica          |IHEAIHEA_M                    |1000      |96,00   |0,940000|12288738,00   |12288717,30 |0,000168|63744,00  |0,000000       
1000_75_6.txt       |Cuadratica          |IHEAIHEA_A                    |1000      |96,00   |0,990000|12288738,00   |12288736,19 |0,000015|65061,00  |0,000000
#====================================================================================================|1095837.0
1000_75_7.txt       |Cuadratica          |IHEASS                        |1000      |96,00   |0,950000|1095837,00    |1095822,03  |0,001366|212234,00 |0,000000
1000_75_7.txt       |Cuadratica          |IHEAIHEA_M                    |1000      |96,00   |0,110000|1095837,00    |1094357,97  |0,134968|79188,00  |0,000000       
1000_75_7.txt       |Cuadratica          |IHEAIHEA_A                    |1000      |96,00   |0,080000|1095837,00    |1094313,41  |0,139034|79493,00  |0,000000
#====================================================================================================|5575813.0
1000_75_8.txt       |Cuadratica          |IHEASS                        |1000      |96,00   |0,000000|5571790,00    |5570685,22  |0,091965|217294,00 |0,000000
1000_75_8.txt       |Cuadratica          |IHEAIHEA_M                    |1000      |96,00   |0,710000|5575813,00    |5575761,23  |0,000928|81917,00  |0,000000       
1000_75_8.txt       |Cuadratica          |IHEAIHEA_A                    |1000      |96,00   |0,710000|5575813,00    |5575761,19  |0,000929|91796,00  |0,000000       
#====================================================================================================|695774.0
1000_75_9.txt       |Cuadratica          |IHEASS                        |1000      |96,00   |0,000000|694010,00     |693630,76   |0,308037|197414,00 |0,000000       
1000_75_9.txt       |Cuadratica          |IHEAIHEA_M                    |1000      |96,00   |0,300000|695774,00     |695647,67   |0,018157|66528,00  |0,000000       
1000_75_9.txt       |Cuadratica          |IHEAIHEA_A                    |1000      |96,00   |0,290000|695774,00     |695643,47   |0,018760|58864,00  |0,000000       
#====================================================================================================|2507677.0
1000_75_10.txt      |Cuadratica          |IHEASS                        |1000      |96,00   |0,720000|2507677,00    |2507602,46  |0,002972|220452,00 |0,000000       
1000_75_10.txt      |Cuadratica          |IHEAIHEA_M                    |1000      |96,00   |0,990000|2507677,00    |2507672,48  |0,000180|79511,00  |0,000000       
1000_75_10.txt      |Cuadratica          |IHEAIHEA_A                    |1000      |96,00   |1,000000|2507677,00    |2507677,00  |0,000000|84049,00  |0,000000       
#====================================================================================================|6243494.0
1000_100_1.txt      |Cuadratica          |IHEASS                        |1000      |96,00   |0,000000|6236952,00    |6236289,01  |0,115400|218651,00 |0,000000       
1000_100_1.txt      |Cuadratica          |IHEAIHEA_M                    |1000      |96,00   |0,150000|6243494,00    |6243347,52  |0,002346|84846,00  |0,000000       
1000_100_1.txt      |Cuadratica          |IHEAIHEA_A                    |1000      |96,00   |0,140000|6243494,00    |6243336,62  |0,002521|93426,00  |0,000000       
#====================================================================================================|4854086.0
1000_100_2.txt      |Cuadratica          |IHEASS                        |1000      |96,00   |0,000000|4846134,00    |4845098,41  |0,185155|221132,00 |0,000000       
1000_100_2.txt      |Cuadratica          |IHEAIHEA_M                    |1000      |96,00   |0,140000|4854086,00    |4854003,40  |0,001702|88414,00  |0,000000       
1000_100_2.txt      |Cuadratica          |IHEAIHEA_A                    |1000      |96,00   |0,150000|4854086,00    |4854001,44  |0,001742|97689,00  |0,000000       
#====================================================================================================|3172022.0
1000_100_3.txt      |Cuadratica          |IHEASS                        |1000      |96,00   |0,000000|3168548,00    |3166276,14  |0,181142|219840,00 |0,000000       
1000_100_3.txt      |Cuadratica          |IHEAIHEA_M                    |1000      |96,00   |0,990000|3172022,00    |3172019,96  |0,000064|86728,00  |0,000000       
1000_100_3.txt      |Cuadratica          |IHEAIHEA_A                    |1000      |96,00   |0,980000|3172022,00    |3172019,29  |0,000085|93997,00  |0,000000       
#====================================================================================================|754727.0
1000_100_4.txt      |Cuadratica          |IHEASS                        |1000      |96,00   |0,000000|752330,00     |751584,29   |0,416404|184324,00 |0,000000       
1000_100_4.txt      |Cuadratica          |IHEAIHEA_M                    |1000      |96,00   |0,990000|754727,00     |754725,85   |0,000152|79454,00  |0,000000       
1000_100_4.txt      |Cuadratica          |IHEAIHEA_A                    |1000      |96,00   |1,000000|754727,00     |754727,00   |0,000000|75070,00  |0,000000       
#====================================================================================================|1.864662E7
1000_100_5.txt      |Cuadratica          |IHEASS                        |1000      |96,00   |0,000000|18640988,00   |18634075,16 |0,067277|138854,00 |0,000000       
1000_100_5.txt      |Cuadratica          |IHEAIHEA_M                    |1000      |96,00   |0,120000|18646620,00   |18646566,11 |0,000289|79031,00  |0,000000       
1000_100_5.txt      |Cuadratica          |IHEAIHEA_A                    |1000      |96,00   |0,120000|18646620,00   |18646558,90 |0,000328|80344,00  |0,000000       
#====================================================================================================|1.6020232E7
1000_100_6.txt      |Cuadratica          |IHEASS                        |1000      |96,00   |0,000000|16011963,00   |16010822,72 |0,058734|164783,00 |0,000000       
1000_100_6.txt      |Cuadratica          |IHEAIHEA_M                    |1000      |96,00   |0,660000|16020232,00   |16020118,82 |0,000706|76245,00  |0,000000       
1000_100_6.txt      |Cuadratica          |IHEAIHEA_A                    |1000      |96,00   |0,300000|16020232,00   |16019962,61 |0,001682|79295,00  |0,000000       
#====================================================================================================|1.2936205E7
1000_100_7.txt      |Cuadratica          |IHEASS                        |1000      |96,00   |0,040000|12936205,00   |12935335,07 |0,006725|181091,00 |0,000000       
1000_100_7.txt      |Cuadratica          |IHEAIHEA_M                    |1000      |96,00   |0,980000|12936205,00   |12936198,50 |0,000050|67694,00  |0,000000       
1000_100_7.txt      |Cuadratica          |IHEAIHEA_A                    |1000      |96,00   |0,960000|12936205,00   |12936189,78 |0,000118|80008,00  |0,000000       
#====================================================================================================|6927738.0
1000_100_8.txt      |Cuadratica          |IHEASS                        |1000      |96,00   |0,000000|6922490,00    |6921316,77  |0,092689|220539,00 |0,000000       
1000_100_8.txt      |Cuadratica          |IHEAIHEA_M                    |1000      |96,00   |0,000000|6927671,00    |6927167,28  |0,008238|81114,00  |0,000000       
1000_100_8.txt      |Cuadratica          |IHEAIHEA_A                    |1000      |96,00   |0,000000|6927671,00    |6927244,64  |0,007122|89490,00  |0,000000       
#====================================================================================================|3874959.0
1000_100_9.txt      |Cuadratica          |IHEASS                        |1000      |96,00   |0,970000|3874959,00    |3874957,41  |0,000041|219920,00 |0,000000       
1000_100_9.txt      |Cuadratica          |IHEAIHEA_M                    |1000      |96,00   |1,000000|3874959,00    |3874959,00  |0,000000|67372,00  |0,000000       
1000_100_9.txt      |Cuadratica          |IHEAIHEA_A                    |1000      |96,00   |1,000000|3874959,00    |3874959,00  |0,000000|71620,00  |0,000000
#====================================================================================================|1334494.0
1000_100_10.txt     |Cuadratica          |IHEASS                        |1000      |96,00   |0,000000|1332103,00    |1331593,65  |0,217337|209648,00 |0,000000       
1000_100_10.txt     |Cuadratica          |IHEAIHEA_M                    |1000      |96,00   |0,170000|1334494,00    |1334415,98  |0,005846|76908,00  |0,000000       
1000_100_10.txt     |Cuadratica          |IHEAIHEA_A                    |1000      |96,00   |0,190000|1334494,00    |1334417,22  |0,005753|75583,00  |0,000000       
--------------------RESUMEN-----------------
Algoritmo[IHEASS]
aciertos:24,83%
desviacion:0,081241
tiempo promedio:190173,20ms
-----------
Algoritmo[IHEAIHEA_M]
aciertos:50,27%
desviacion:0,012296
tiempo promedio:75015,03ms
-----------
Algoritmo[IHEAIHEA_A]
aciertos:49,03%
desviacion:0,011818
tiempo promedio:77993,73ms
-----------
BUILD SUCCESSFUL (total time: 368 minutes 50 seconds)
