----------------------------------------------------------.
Numero Intentos:50
NPI: Numero iteraciones promedio.
TP: Tiempo Promedio.
TE: Tasa de exito.
DPR: Desviación porcentual relativa.
----------------------------------------------------------.
NOMBRE              |FUNCION             |ALGORITMO                     |DIMENSION |NPI     |TE      |MEJOR OPTIMO  |PROM OPTIMOS|DPR     |TP        |EVALUACIONES   
#====================================================================================================|5663590.0
1000_50_1.txt       |Cuadratica          |IHEAIHEA                      |1000      |96,00   |0,220000|5663590,00    |5663532,18  |0,001021|279833,00 |0,000000
#====================================================================================================|180831.0
1000_50_2.txt       |Cuadratica          |IHEAIHEA                      |1000      |96,00   |0,860000|180831,00     |180830,02   |0,000542|176980,00 |0,000000
#====================================================================================================|1.1384283E7
1000_50_3.txt       |Cuadratica          |IHEAIHEA                      |1000      |96,00   |0,740000|11384283,00   |11384274,42 |0,000075|161266,00 |0,000000
#====================================================================================================|322226.0
1000_50_4.txt       |Cuadratica          |IHEAIHEA                      |1000      |96,00   |0,960000|322226,00     |322225,84   |0,000050|234688,00 |0,000000
#====================================================================================================|9984247.0
1000_50_5.txt       |Cuadratica          |IHEAIHEA                      |1000      |96,00   |0,000000|9982832,00    |9979134,20  |0,051209|179420,00 |0,000000
#====================================================================================================|4106261.0
1000_50_6.txt       |Cuadratica          |IHEAIHEA                      |1000      |96,00   |0,000000|4104529,00    |4102964,94  |0,080269|317840,00 |0,000000
#====================================================================================================|1.049837E7
1000_50_7.txt       |Cuadratica          |IHEAIHEA                      |1000      |96,00   |0,020000|10498370,00   |10497422,38 |0,009026|176971,00 |0,000000
#====================================================================================================|4981146.0
1000_50_8.txt       |Cuadratica          |IHEAIHEA                      |1000      |96,00   |0,000000|4975608,00    |4975300,24  |0,117358|310375,00 |0,000000
#====================================================================================================|1727861.0
1000_50_9.txt       |Cuadratica          |IHEAIHEA                      |1000      |96,00   |1,000000|1727861,00    |1727861,00  |0,000000|318673,00 |0,000000
#====================================================================================================|2340724.0
1000_50_10.txt      |Cuadratica          |IHEAIHEA                      |1000      |96,00   |0,000000|2338589,00    |2337410,02  |0,141579|321872,00 |0,000000
#====================================================================================================|1.1570056E7
1000_75_1.txt       |Cuadratica          |IHEAIHEA                      |1000      |96,00   |0,000000|11562462,00   |11561625,46 |0,072865|222808,00 |0,000000
#====================================================================================================|1901389.0
1000_75_2.txt       |Cuadratica          |IHEAIHEA                      |1000      |96,00   |0,000000|1900793,00    |1900093,26  |0,068147|313675,00 |0,000000
#====================================================================================================|2096485.0
1000_75_3.txt       |Cuadratica          |IHEAIHEA                      |1000      |96,00   |1,000000|2096485,00    |2096485,00  |0,000000|319164,00 |0,000000
#====================================================================================================|7305321.0
1000_75_4.txt       |Cuadratica          |IHEAIHEA                      |1000      |96,00   |0,000000|7302026,00    |7300577,62  |0,064930|297547,00 |0,000000
#====================================================================================================|1.3970842E7
1000_75_5.txt       |Cuadratica          |IHEAIHEA                      |1000      |96,00   |0,000000|13961696,00   |13961503,04 |0,066846|209270,00 |0,000000
#====================================================================================================|1.2288738E7
1000_75_6.txt       |Cuadratica          |IHEAIHEA                      |1000      |96,00   |0,000000|12286818,00   |12286183,60 |0,020787|220722,00 |0,000000
#====================================================================================================|1095837.0
1000_75_7.txt       |Cuadratica          |IHEAIHEA                      |1000      |96,00   |0,980000|1095837,00    |1095824,58  |0,001133|295165,00 |0,000000
#====================================================================================================|5575813.0
1000_75_8.txt       |Cuadratica          |IHEAIHEA                      |1000      |96,00   |0,000000|5571196,00    |5570615,76  |0,093210|314496,00 |0,000000
#====================================================================================================|695774.0
1000_75_9.txt       |Cuadratica          |IHEAIHEA                      |1000      |96,00   |0,000000|694371,00     |693629,84   |0,308169|262141,00 |0,000000
#====================================================================================================|2507677.0
1000_75_10.txt      |Cuadratica          |IHEAIHEA                      |1000      |96,00   |0,740000|2507677,00    |2507626,06  |0,002031|319104,00 |0,000000
#====================================================================================================|6243494.0
1000_100_1.txt      |Cuadratica          |IHEAIHEA                      |1000      |96,00   |0,000000|6236912,00    |6236298,42  |0,115249|318658,00 |0,000000
#====================================================================================================|4854086.0
1000_100_2.txt      |Cuadratica          |IHEAIHEA                      |1000      |96,00   |0,000000|4846134,00    |4845084,16  |0,185449|321815,00 |0,000000
#====================================================================================================|3172022.0
1000_100_3.txt      |Cuadratica          |IHEAIHEA                      |1000      |96,00   |0,000000|3167507,00    |3166423,86  |0,176485|315329,00 |0,000000
#====================================================================================================|754727.0
1000_100_4.txt      |Cuadratica          |IHEAIHEA                      |1000      |96,00   |0,000000|752330,00     |751638,52   |0,409218|229396,00 |0,000000
#====================================================================================================|1.864662E7
1000_100_5.txt      |Cuadratica          |IHEAIHEA                      |1000      |96,00   |0,000000|18641769,00   |18634185,24 |0,066686|190971,00 |0,000000
#====================================================================================================|1.6020232E7
1000_100_6.txt      |Cuadratica          |IHEAIHEA                      |1000      |96,00   |0,000000|16012841,00   |16010746,30 |0,059211|234151,00 |0,000000
#====================================================================================================|1.2936205E7
1000_100_7.txt      |Cuadratica          |IHEAIHEA                      |1000      |96,00   |0,080000|12936205,00   |12935399,64 |0,006226|259997,00 |0,000000
#====================================================================================================|6927738.0
1000_100_8.txt      |Cuadratica          |IHEAIHEA                      |1000      |96,00   |0,000000|6922235,00    |6921301,20  |0,092913|321701,00 |0,000000
#====================================================================================================|3874959.0
1000_100_9.txt      |Cuadratica          |IHEAIHEA                      |1000      |96,00   |1,000000|3874959,00    |3874959,00  |0,000000|315980,00 |0,000000
#====================================================================================================|1334494.0
1000_100_10.txt     |Cuadratica          |IHEAIHEA                      |1000      |96,00   |0,000000|1332063,00    |1331577,88  |0,218519|292218,00 |0,000000
--------------------RESUMEN-----------------
Algoritmo[IHEAIHEA]
aciertos:25,33%
desviacion:0,080973
tiempo promedio:268407,53ms
-----------
BUILD SUCCESSFUL (total time: 268 minutes 43 seconds)