----------------------------------------------------------.
Numero Intentos:100
NPI: Numero iteraciones promedio.
TP: Tiempo Promedio.
TE: Tasa de exito.
DPR: Desviación porcentual relativa.
----------------------------------------------------------.
NOMBRE              |FUNCION             |ALGORITMO                     |DIMENSION |NPI     |TE      |MEJOR OPTIMO  |PROM OPTIMOS|DPR     |TP        |EVALUACIONES   

#====================================================================================================|513379.0

jeu_300_50_1.txt    |Cuadratica          |IHEAIHEA                      | 300      |82,00   |1,000000|513379,00     |513379,00   |0,000000|643,00    |0,000000       


#====================================================================================================|105543.0

jeu_300_50_2.txt    |Cuadratica          |IHEAIHEA                      | 300      |82,00   |1,000000|105543,00     |105543,00   |0,000000|640,00    |0,000000       


#====================================================================================================|875788.0

jeu_300_50_3.txt    |Cuadratica          |IHEAIHEA                      | 300      |82,00   |0,300000|875788,00     |875492,24   |0,033771|589,00    |0,000000       


#====================================================================================================|307124.0

jeu_300_50_4.txt    |Cuadratica          |IHEAIHEA                      | 300      |82,00   |1,000000|307124,00     |307124,00   |0,000000|672,00    |0,000000       


#====================================================================================================|727820.0

jeu_300_50_5.txt    |Cuadratica          |IHEAIHEA                      | 300      |82,00   |1,000000|727820,00     |727820,00   |0,000000|547,00    |0,000000       


#====================================================================================================|734053.0

jeu_300_50_6.txt    |Cuadratica          |IHEAIHEA                      | 300      |82,00   |0,990000|734053,00     |734049,46   |0,000482|502,00    |0,000000       


#====================================================================================================|43595.0

jeu_300_50_7.txt    |Cuadratica          |IHEAIHEA                      | 300      |82,00   |0,940000|43595,00      |43592,30    |0,006193|514,00    |0,000000       


#====================================================================================================|767977.0

jeu_300_50_8.txt    |Cuadratica          |IHEAIHEA                      | 300      |82,00   |1,000000|767977,00     |767977,00   |0,000000|562,00    |0,000000       


#====================================================================================================|761351.0

jeu_300_50_9.txt    |Cuadratica          |IHEAIHEA                      | 300      |82,00   |0,930000|761351,00     |761340,51   |0,001378|589,00    |0,000000       


#====================================================================================================|996070.0

jeu_300_50_10.txt   |Cuadratica          |IHEAIHEA                      | 300      |82,00   |0,500000|996070,00     |995127,50   |0,094622|589,00    |0,000000       


#====================================================================================================|423256.0

jeu_300_50_11.txt   |Cuadratica          |IHEAIHEA                      | 300      |82,00   |0,800000|423256,00     |423254,60   |0,000331|691,00    |0,000000       


#====================================================================================================|407832.0

jeu_300_50_12.txt   |Cuadratica          |IHEAIHEA                      | 300      |82,00   |0,910000|407905,00     |407836,10   |-0,001005|691,00    |0,000000       


#====================================================================================================|205458.0

jeu_300_50_13.txt   |Cuadratica          |IHEAIHEA                      | 300      |82,00   |0,950000|205566,00     |205460,78   |-0,001353|687,00    |0,000000       


#====================================================================================================|972880.0

jeu_300_50_14.txt   |Cuadratica          |IHEAIHEA                      | 300      |82,00   |0,970000|972880,00     |972876,64   |0,000345|533,00    |0,000000       


#====================================================================================================|958289.0

jeu_300_50_15.txt   |Cuadratica          |IHEAIHEA                      | 300      |82,00   |1,000000|958289,00     |958289,00   |0,000000|491,00    |0,000000       


#====================================================================================================|1038127.0

jeu_300_50_16.txt   |Cuadratica          |IHEAIHEA                      | 300      |82,00   |0,990000|1038127,00    |1038123,75  |0,000313|424,00    |0,000000       


#====================================================================================================|253808.0

jeu_300_50_17.txt   |Cuadratica          |IHEAIHEA                      | 300      |82,00   |1,000000|253808,00     |253808,00   |0,000000|687,00    |0,000000       


#====================================================================================================|98772.0

jeu_300_50_18.txt   |Cuadratica          |IHEAIHEA                      | 300      |82,00   |1,000000|98772,00      |98772,00    |0,000000|628,00    |0,000000       


#====================================================================================================|559374.0

jeu_300_50_19.txt   |Cuadratica          |IHEAIHEA                      | 300      |82,00   |0,310000|559374,00     |559132,94   |0,043095|697,00    |0,000000       


#====================================================================================================|890913.0

jeu_300_50_20.txt   |Cuadratica          |IHEAIHEA                      | 300      |82,00   |0,940000|890913,00     |890910,14   |0,000321|521,00    |0,000000       


--------------------RESUMEN-----------------
Algoritmo[IHEAIHEA]
aciertos:87,65%
desviacion:0,008925
tiempo promedio:594,85ms
-----------

