----------------------------------------------------------.
Numero Intentos:10
NPI: Numero iteraciones promedio.
TP: Tiempo Promedio.
TE: Tasa de exito.
DPR: Desviación porcentual relativa.
----------------------------------------------------------.
NOMBRE              |FUNCION             |ALGORITMO                     |DIMENSION |NPI     |TE      |MEJOR OPTIMO  |PROM OPTIMOS|DPR     |TP        |EVALUACIONES   

#====================================================================================================|29140.0

jeu_300_25_1.txt    |Cuadratica          |IHEAIHEA_M                    | 300      |82,00   |1,000000|29140,00      |29140,00    |0,000000|4356,00   |0,000000       
jeu_300_25_1.txt    |Cuadratica          |IHEAIHEA_A                    | 300      |82,00   |1,000000|29140,00      |29140,00    |0,000000|4239,00   |0,000000       


#====================================================================================================|281990.0

jeu_300_25_2.txt    |Cuadratica          |IHEAIHEA_M                    | 300      |82,00   |1,000000|281990,00     |281990,00   |0,000000|4758,00   |0,000000       
jeu_300_25_2.txt    |Cuadratica          |IHEAIHEA_A                    | 300      |82,00   |1,000000|281990,00     |281990,00   |0,000000|4705,00   |0,000000       


#====================================================================================================|444759.0

jeu_300_25_4.txt    |Cuadratica          |IHEAIHEA_M                    | 300      |82,00   |0,900000|444759,00     |444754,30   |0,001057|3740,00   |0,000000       
jeu_300_25_4.txt    |Cuadratica          |IHEAIHEA_A                    | 300      |82,00   |0,900000|444759,00     |444754,30   |0,001057|3493,00   |0,000000       


#====================================================================================================|14988.0

jeu_300_25_5.txt    |Cuadratica          |IHEAIHEA_M                    | 300      |82,00   |1,000000|14988,00      |14988,00    |0,000000|3390,00   |0,000000       
jeu_300_25_5.txt    |Cuadratica          |IHEAIHEA_A                    | 300      |82,00   |0,900000|14988,00      |14982,70    |0,035362|3762,00   |0,000000       


#====================================================================================================|269782.0

jeu_300_25_6.txt    |Cuadratica          |IHEAIHEA_M                    | 300      |82,00   |1,000000|269782,00     |269782,00   |0,000000|4868,00   |0,000000       
jeu_300_25_6.txt    |Cuadratica          |IHEAIHEA_A                    | 300      |82,00   |0,900000|269782,00     |269775,30   |0,002483|4802,00   |0,000000       


#====================================================================================================|485263.0

jeu_300_25_7.txt    |Cuadratica          |IHEAIHEA_M                    | 300      |82,00   |0,100000|485263,00     |485035,90   |0,046799|3857,00   |0,000000       
jeu_300_25_7.txt    |Cuadratica          |IHEAIHEA_A                    | 300      |82,00   |0,000000|485232,00     |485068,70   |0,040040|3909,00   |0,000000       


#====================================================================================================|9343.0

jeu_300_25_8.txt    |Cuadratica          |IHEAIHEA_M                    | 300      |82,00   |1,000000|9343,00       |9343,00     |0,000000|3105,00   |0,000000       
jeu_300_25_8.txt    |Cuadratica          |IHEAIHEA_A                    | 300      |82,00   |1,000000|9343,00       |9343,00     |0,000000|3237,00   |0,000000       


#====================================================================================================|250761.0

jeu_300_25_9.txt    |Cuadratica          |IHEAIHEA_M                    | 300      |82,00   |1,000000|250761,00     |250761,00   |0,000000|4938,00   |0,000000       
jeu_300_25_9.txt    |Cuadratica          |IHEAIHEA_A                    | 300      |82,00   |1,000000|250761,00     |250761,00   |0,000000|5031,00   |0,000000       


#====================================================================================================|383377.0

jeu_300_25_10.txt   |Cuadratica          |IHEAIHEA_M                    | 300      |82,00   |1,000000|383377,00     |383377,00   |0,000000|4211,00   |0,000000       
jeu_300_25_10.txt   |Cuadratica          |IHEAIHEA_A                    | 300      |82,00   |1,000000|383377,00     |383377,00   |0,000000|4443,00   |0,000000       


#====================================================================================================|228681.0

jeu_300_25_11.txt   |Cuadratica          |IHEAIHEA_M                    | 300      |82,00   |1,000000|228681,00     |228681,00   |0,000000|4533,00   |0,000000       
jeu_300_25_11.txt   |Cuadratica          |IHEAIHEA_A                    | 300      |82,00   |1,000000|228681,00     |228681,00   |0,000000|5113,00   |0,000000       


#====================================================================================================|392829.0

jeu_300_25_12.txt   |Cuadratica          |IHEAIHEA_M                    | 300      |82,00   |0,900000|392829,00     |392825,80   |0,000815|3798,00   |0,000000       
jeu_300_25_12.txt   |Cuadratica          |IHEAIHEA_A                    | 300      |82,00   |0,900000|392829,00     |392825,80   |0,000815|3968,00   |0,000000       


#====================================================================================================|395598.0

jeu_300_25_13.txt   |Cuadratica          |IHEAIHEA_M                    | 300      |82,00   |1,000000|395598,00     |395598,00   |0,000000|4460,00   |0,000000       
jeu_300_25_13.txt   |Cuadratica          |IHEAIHEA_A                    | 300      |82,00   |0,700000|395598,00     |395589,90   |0,002048|4006,00   |0,000000       


#====================================================================================================|462104.0

jeu_300_25_14.txt   |Cuadratica          |IHEAIHEA_M                    | 300      |82,00   |0,100000|462104,00     |461966,30   |0,029798|4216,00   |0,000000       
jeu_300_25_14.txt   |Cuadratica          |IHEAIHEA_A                    | 300      |82,00   |0,100000|462104,00     |461994,00   |0,023804|4506,00   |0,000000       


#====================================================================================================|24516.0

jeu_300_25_15.txt   |Cuadratica          |IHEAIHEA_M                    | 300      |82,00   |1,000000|24516,00      |24516,00    |0,000000|3924,00   |0,000000       
jeu_300_25_15.txt   |Cuadratica          |IHEAIHEA_A                    | 300      |82,00   |0,900000|24516,00      |24514,60    |0,005711|3957,00   |0,000000       


#====================================================================================================|60063.0

jeu_300_25_16.txt   |Cuadratica          |IHEAIHEA_M                    | 300      |82,00   |0,900000|60063,00      |60062,50    |0,000832|4576,00   |0,000000       
jeu_300_25_16.txt   |Cuadratica          |IHEAIHEA_A                    | 300      |82,00   |1,000000|60063,00      |60063,00    |0,000000|4870,00   |0,000000       


#====================================================================================================|431225.0

jeu_300_25_17.txt   |Cuadratica          |IHEAIHEA_M                    | 300      |82,00   |0,400000|431225,00     |430959,80   |0,061499|4672,00   |0,000000       
jeu_300_25_17.txt   |Cuadratica          |IHEAIHEA_A                    | 300      |82,00   |0,900000|431225,00     |431208,90   |0,003734|4884,00   |0,000000       


#====================================================================================================|516936.0

jeu_300_25_18.txt   |Cuadratica          |IHEAIHEA_M                    | 300      |82,00   |1,000000|516936,00     |516936,00   |0,000000|3494,00   |0,000000       
jeu_300_25_18.txt   |Cuadratica          |IHEAIHEA_A                    | 300      |82,00   |1,000000|516936,00     |516936,00   |0,000000|3735,00   |0,000000       


#====================================================================================================|203262.0

jeu_300_25_19.txt   |Cuadratica          |IHEAIHEA_M                    | 300      |82,00   |1,000000|203262,00     |203262,00   |0,000000|5013,00   |0,000000       
jeu_300_25_19.txt   |Cuadratica          |IHEAIHEA_A                    | 300      |82,00   |1,000000|203262,00     |203262,00   |0,000000|4919,00   |0,000000       


#====================================================================================================|311251.0

jeu_300_25_20.txt   |Cuadratica          |IHEAIHEA_M                    | 300      |82,00   |0,900000|311251,00     |311248,10   |0,000932|4153,00   |0,000000       
jeu_300_25_20.txt   |Cuadratica          |IHEAIHEA_A                    | 300      |82,00   |0,900000|311251,00     |311248,10   |0,000932|4707,00   |0,000000       


#====================================================================================================|513379.0

jeu_300_50_1.txt    |Cuadratica          |IHEAIHEA_M                    | 300      |82,00   |1,000000|513379,00     |513379,00   |0,000000|4778,00   |0,000000       
jeu_300_50_1.txt    |Cuadratica          |IHEAIHEA_A                    | 300      |82,00   |1,000000|513379,00     |513379,00   |0,000000|5029,00   |0,000000       


#====================================================================================================|105543.0

jeu_300_50_2.txt    |Cuadratica          |IHEAIHEA_M                    | 300      |82,00   |1,000000|105543,00     |105543,00   |0,000000|4849,00   |0,000000       
jeu_300_50_2.txt    |Cuadratica          |IHEAIHEA_A                    | 300      |82,00   |1,000000|105543,00     |105543,00   |0,000000|4861,00   |0,000000       


#====================================================================================================|875788.0

jeu_300_50_3.txt    |Cuadratica          |IHEAIHEA_M                    | 300      |82,00   |0,300000|875788,00     |875571,30   |0,024743|4181,00   |0,000000       
jeu_300_50_3.txt    |Cuadratica          |IHEAIHEA_A                    | 300      |82,00   |0,200000|875788,00     |875393,00   |0,045102|4800,00   |0,000000       


#====================================================================================================|307124.0

jeu_300_50_4.txt    |Cuadratica          |IHEAIHEA_M                    | 300      |82,00   |1,000000|307124,00     |307124,00   |0,000000|5178,00   |0,000000       
jeu_300_50_4.txt    |Cuadratica          |IHEAIHEA_A                    | 300      |82,00   |1,000000|307124,00     |307124,00   |0,000000|5068,00   |0,000000       


#====================================================================================================|727820.0

jeu_300_50_5.txt    |Cuadratica          |IHEAIHEA_M                    | 300      |82,00   |1,000000|727820,00     |727820,00   |0,000000|4269,00   |0,000000       
jeu_300_50_5.txt    |Cuadratica          |IHEAIHEA_A                    | 300      |82,00   |1,000000|727820,00     |727820,00   |0,000000|4319,00   |0,000000       


#====================================================================================================|734053.0

jeu_300_50_6.txt    |Cuadratica          |IHEAIHEA_M                    | 300      |82,00   |1,000000|734053,00     |734053,00   |0,000000|4288,00   |0,000000       
jeu_300_50_6.txt    |Cuadratica          |IHEAIHEA_A                    | 300      |82,00   |1,000000|734053,00     |734053,00   |0,000000|4271,00   |0,000000       


#====================================================================================================|43595.0

jeu_300_50_7.txt    |Cuadratica          |IHEAIHEA_M                    | 300      |82,00   |1,000000|43595,00      |43595,00    |0,000000|4158,00   |0,000000       
jeu_300_50_7.txt    |Cuadratica          |IHEAIHEA_A                    | 300      |82,00   |1,000000|43595,00      |43595,00    |0,000000|4744,00   |0,000000       


#====================================================================================================|767977.0

jeu_300_50_8.txt    |Cuadratica          |IHEAIHEA_M                    | 300      |82,00   |1,000000|767977,00     |767977,00   |0,000000|4408,00   |0,000000       
jeu_300_50_8.txt    |Cuadratica          |IHEAIHEA_A                    | 300      |82,00   |1,000000|767977,00     |767977,00   |0,000000|4326,00   |0,000000       


#====================================================================================================|761351.0

jeu_300_50_9.txt    |Cuadratica          |IHEAIHEA_M                    | 300      |82,00   |1,000000|761351,00     |761351,00   |0,000000|4168,00   |0,000000       
jeu_300_50_9.txt    |Cuadratica          |IHEAIHEA_A                    | 300      |82,00   |0,900000|761351,00     |761335,20   |0,002075|4531,00   |0,000000       


#====================================================================================================|996070.0

jeu_300_50_10.txt   |Cuadratica          |IHEAIHEA_M                    | 300      |82,00   |0,400000|996070,00     |994939,00   |0,113546|4673,00   |0,000000       
jeu_300_50_10.txt   |Cuadratica          |IHEAIHEA_A                    | 300      |82,00   |0,500000|996070,00     |995127,50   |0,094622|4726,00   |0,000000       


#====================================================================================================|423256.0

jeu_300_50_11.txt   |Cuadratica          |IHEAIHEA_M                    | 300      |82,00   |1,000000|423256,00     |423256,00   |0,000000|5174,00   |0,000000       
jeu_300_50_11.txt   |Cuadratica          |IHEAIHEA_A                    | 300      |82,00   |0,700000|423256,00     |423253,90   |0,000496|4988,00   |0,000000       


#====================================================================================================|407905.0

jeu_300_50_12.txt   |Cuadratica          |IHEAIHEA_M                    | 300      |82,00   |0,000000|407877,00     |407841,00   |0,015690|5132,00   |0,000000       
jeu_300_50_12.txt   |Cuadratica          |IHEAIHEA_A                    | 300      |82,00   |0,000000|407832,00     |407832,00   |0,017896|5158,00   |0,000000       


#====================================================================================================|205566.0

jeu_300_50_13.txt   |Cuadratica          |IHEAIHEA_M                    | 300      |82,00   |0,100000|205566,00     |205466,50   |0,048403|5140,00   |0,000000       
jeu_300_50_13.txt   |Cuadratica          |IHEAIHEA_A                    | 300      |82,00   |0,000000|205458,00     |205458,00   |0,052538|5102,00   |0,000000       


#====================================================================================================|972880.0

jeu_300_50_14.txt   |Cuadratica          |IHEAIHEA_M                    | 300      |82,00   |0,800000|972880,00     |972865,90   |0,001449|4312,00   |0,000000       
jeu_300_50_14.txt   |Cuadratica          |IHEAIHEA_A                    | 300      |82,00   |1,000000|972880,00     |972880,00   |0,000000|3659,00   |0,000000       


#====================================================================================================|958289.0

jeu_300_50_15.txt   |Cuadratica          |IHEAIHEA_M                    | 300      |82,00   |1,000000|958289,00     |958289,00   |0,000000|3864,00   |0,000000       
jeu_300_50_15.txt   |Cuadratica          |IHEAIHEA_A                    | 300      |82,00   |1,000000|958289,00     |958289,00   |0,000000|3996,00   |0,000000       


#====================================================================================================|1038127.0

jeu_300_50_16.txt   |Cuadratica          |IHEAIHEA_M                    | 300      |82,00   |1,000000|1038127,00    |1038127,00  |0,000000|3465,00   |0,000000       
jeu_300_50_16.txt   |Cuadratica          |IHEAIHEA_A                    | 300      |82,00   |1,000000|1038127,00    |1038127,00  |0,000000|3650,00   |0,000000       


#====================================================================================================|253808.0

jeu_300_50_17.txt   |Cuadratica          |IHEAIHEA_M                    | 300      |82,00   |1,000000|253808,00     |253808,00   |0,000000|5209,00   |0,000000       
jeu_300_50_17.txt   |Cuadratica          |IHEAIHEA_A                    | 300      |82,00   |1,000000|253808,00     |253808,00   |0,000000|5188,00   |0,000000       


#====================================================================================================|98772.0

jeu_300_50_18.txt   |Cuadratica          |IHEAIHEA_M                    | 300      |82,00   |1,000000|98772,00      |98772,00    |0,000000|4861,00   |0,000000       
jeu_300_50_18.txt   |Cuadratica          |IHEAIHEA_A                    | 300      |82,00   |1,000000|98772,00      |98772,00    |0,000000|5013,00   |0,000000       


#====================================================================================================|559374.0

jeu_300_50_19.txt   |Cuadratica          |IHEAIHEA_M                    | 300      |82,00   |0,500000|559374,00     |559147,50   |0,040492|5170,00   |0,000000       
jeu_300_50_19.txt   |Cuadratica          |IHEAIHEA_A                    | 300      |82,00   |0,300000|559374,00     |559112,70   |0,046713|5209,00   |0,000000       


#====================================================================================================|890913.0

jeu_300_50_20.txt   |Cuadratica          |IHEAIHEA_M                    | 300      |82,00   |1,000000|890913,00     |890913,00   |0,000000|4050,00   |0,000000       
jeu_300_50_20.txt   |Cuadratica          |IHEAIHEA_A                    | 300      |82,00   |1,000000|890913,00     |890913,00   |0,000000|4367,00   |0,000000       


#====================================================================================================|4981146.0

1000_50_8.txt       |Cuadratica          |IHEAIHEA_M                    |1000      |96,00   |0,000000|4980370,00    |4980235,00  |0,018289|11576,00  |0,000000       
1000_50_8.txt       |Cuadratica          |IHEAIHEA_A                    |1000      |96,00   |0,000000|4980282,00    |4980166,20  |0,019670|11421,00  |0,000000       


#====================================================================================================|1727861.0

1000_50_9.txt       |Cuadratica          |IHEAIHEA_M                    |1000      |96,00   |0,300000|1727861,00    |1727451,30  |0,023711|12046,00  |0,000000       
1000_50_9.txt       |Cuadratica          |IHEAIHEA_A                    |1000      |96,00   |0,300000|1727861,00    |1727614,10  |0,014289|11987,00  |0,000000       


#====================================================================================================|1.3970842E7

1000_75_5.txt       |Cuadratica          |IHEAIHEA_M                    |1000      |96,00   |0,000000|13969932,00   |13969817,50 |0,007333|11073,00  |0,000000       
1000_75_5.txt       |Cuadratica          |IHEAIHEA_A                    |1000      |96,00   |0,000000|13970240,00   |13969949,30 |0,006390|11053,00  |0,000000       


#====================================================================================================|6927738.0

1000_100_8.txt      |Cuadratica          |IHEAIHEA_M                    |1000      |96,00   |0,000000|6927358,00    |6927149,80  |0,008491|11793,00  |0,000000       
1000_100_8.txt      |Cuadratica          |IHEAIHEA_A                    |1000      |96,00   |0,000000|6927615,00    |6927301,60  |0,006299|11617,00  |0,000000       


--------------------RESUMEN-----------------
Algoritmo[IHEAIHEA_M]
aciertos:75,81%
desviacion:0,010323
tiempo promedio:5066,91ms
-----------
Algoritmo[IHEAIHEA_A]
aciertos:74,42%
desviacion:0,009816
tiempo promedio:5148,12ms
-----------

