#====================================================================================================|444759.0

jeu_300_25_4.txt    |FSGVNS              |SGVNS-Int[20]                 | 300      |20.00   |0.000000|444638.00     |443784.27   |0.219159|1182.00   |0.000000       
jeu_300_25_4.txt    |FJSGVNS             |JSGVNS-Int[20]                | 300      |20.00   |0.010000|444759.00     |444279.47   |0.107818|6927.00   |0.000000       

#====================================================================================================|14988.0

jeu_300_25_5.txt    |FSGVNS              |SGVNS-Int[20]                 | 300      |20.00   |0.000000|14935.00      |14935.00    |0.353616|1047.00   |0.000000       
jeu_300_25_5.txt    |FJSGVNS             |JSGVNS-Int[20]                | 300      |20.00   |0.010000|14988.00      |14935.53    |0.350080|789.00    |0.000000       

#====================================================================================================|269782.0

jeu_300_25_6.txt    |FSGVNS              |SGVNS-Int[20]                 | 300      |20.00   |0.000000|269671.00     |269671.00   |0.041144|1108.00   |0.000000       
jeu_300_25_6.txt    |FJSGVNS             |JSGVNS-Int[20]                | 300      |20.00   |0.090000|269782.00     |269688.29   |0.034735|2468.00   |0.000000       

#====================================================================================================|485263.0

jeu_300_25_7.txt    |FSGVNS              |SGVNS-Int[20]                 | 300      |20.00   |0.000000|485232.00     |484295.33   |0.199411|1168.00   |0.000000       
jeu_300_25_7.txt    |FJSGVNS             |JSGVNS-Int[20]                | 300      |20.00   |0.000000|484900.00     |484492.39   |0.158803|5862.00   |0.000000       

#====================================================================================================|9343.0

jeu_300_25_8.txt    |FSGVNS              |SGVNS-Int[20]                 | 300      |20.00   |0.930000|9343.00       |9340.50     |0.026758|995.00    |0.000000       
jeu_300_25_8.txt    |FJSGVNS             |JSGVNS-Int[20]                | 300      |20.00   |1.000000|9343.00       |9343.00     |0.000000|707.00    |0.000000       

#====================================================================================================|250761.0

jeu_300_25_9.txt    |FSGVNS              |SGVNS-Int[20]                 | 300      |20.00   |0.000000|250627.00     |250149.47   |0.243870|1030.00   |0.000000       
jeu_300_25_9.txt    |FJSGVNS             |JSGVNS-Int[20]                | 300      |20.00   |0.010000|250761.00     |250355.72   |0.161620|2296.00   |0.000000       

#====================================================================================================|383377.0

jeu_300_25_10.txt   |FSGVNS              |SGVNS-Int[20]                 | 300      |20.00   |0.010000|383377.00     |382975.05   |0.104845|1138.00   |0.000000       
jeu_300_25_10.txt   |FJSGVNS             |JSGVNS-Int[20]                | 300      |20.00   |0.100000|383377.00     |383144.25   |0.060710|6231.00   |0.000000       

#====================================================================================================|228681.0

jeu_300_25_11.txt   |FSGVNS              |SGVNS-Int[20]                 | 300      |1.000000|1.000000|228681.00     |228681.00   |0.000000|3.000000  |0.000000       
jeu_300_25_11.txt   |FJSGVNS             |JSGVNS-Int[20]                | 300      |1.000000|1.000000|228681.00     |228681.00   |0.000000|3.000000  |0.000000       

#====================================================================================================|392829.0

jeu_300_25_12.txt   |FSGVNS              |SGVNS-Int[20]                 | 300      |20.00   |0.010000|392829.00     |392466.16   |0.092366|1160.00   |0.000000       
jeu_300_25_12.txt   |FJSGVNS             |JSGVNS-Int[20]                | 300      |20.00   |0.090000|392829.00     |392620.09   |0.053181|6406.00   |0.000000       

#====================================================================================================|395598.0

jeu_300_25_13.txt   |FSGVNS              |SGVNS-Int[20]                 | 300      |20.00   |0.000000|395399.00     |394965.11   |0.159983|1147.00   |0.000000       
jeu_300_25_13.txt   |FJSGVNS             |JSGVNS-Int[20]                | 300      |20.00   |0.000000|395546.00     |395131.12   |0.118019|6306.00   |0.000000       

#====================================================================================================|462104.0

jeu_300_25_14.txt   |FSGVNS              |SGVNS-Int[20]                 | 300      |20.00   |0.150000|462104.00     |462035.00   |0.014932|1193.00   |0.000000       
jeu_300_25_14.txt   |FJSGVNS             |JSGVNS-Int[20]                | 300      |20.00   |0.200000|462104.00     |462052.11   |0.011229|6752.00   |0.000000       

#====================================================================================================|24516.0

jeu_300_25_15.txt   |FSGVNS              |SGVNS-Int[20]                 | 300      |20.00   |0.000000|24497.00      |24367.73    |0.604789|1058.00   |0.000000       
jeu_300_25_15.txt   |FJSGVNS             |JSGVNS-Int[20]                | 300      |20.00   |0.000000|24497.00      |24411.12    |0.427802|755.00    |0.000000       

#====================================================================================================|60063.0

jeu_300_25_16.txt   |FSGVNS              |SGVNS-Int[20]                 | 300      |20.00   |0.010000|60063.00      |59757.88    |0.508000|1044.00   |0.000000       
jeu_300_25_16.txt   |FJSGVNS             |JSGVNS-Int[20]                | 300      |20.00   |0.050000|60063.00      |59853.04    |0.349566|1035.00   |0.000000       

#====================================================================================================|431225.0

jeu_300_25_17.txt   |FSGVNS              |SGVNS-Int[20]                 | 300      |20.00   |0.000000|431140.00     |429829.27   |0.323666|1138.00   |0.000000       
jeu_300_25_17.txt   |FJSGVNS             |JSGVNS-Int[20]                | 300      |20.00   |0.000000|430756.00     |430380.14   |0.195921|5846.00   |0.000000       

#====================================================================================================|516936.0

jeu_300_25_18.txt   |FSGVNS              |SGVNS-Int[20]                 | 300      |20.00   |0.240000|516936.00     |516811.91   |0.024005|1207.00   |0.000000       
jeu_300_25_18.txt   |FJSGVNS             |JSGVNS-Int[20]                | 300      |20.00   |0.430000|516936.00     |516865.16   |0.013704|7457.00   |0.000000       

#====================================================================================================|203262.0

jeu_300_25_19.txt   |FSGVNS              |SGVNS-Int[20]                 | 300      |1.000000|1.000000|203262.00     |203262.00   |0.000000|3.000000  |0.000000       
jeu_300_25_19.txt   |FJSGVNS             |JSGVNS-Int[20]                | 300      |1.000000|1.000000|203262.00     |203262.00   |0.000000|3.000000  |0.000000       

#====================================================================================================|311251.0

jeu_300_25_20.txt   |FSGVNS              |SGVNS-Int[20]                 | 300      |20.00   |0.000000|311210.00     |311090.77   |0.051479|1099.00   |0.000000       
jeu_300_25_20.txt   |FJSGVNS             |JSGVNS-Int[20]                | 300      |20.00   |0.060000|311251.00     |311148.14   |0.033047|2886.00   |0.000000       

--------------------RESUMEN-----------------
Algoritmo[SGVNS-Int[20]]
aciertos:17.68%
desviacion:0.177785
tiempo promedio:995.68ms
-----------
Algoritmo[JSGVNS-Int[20]]
aciertos:21.74%
desviacion:0.125949
tiempo promedio:3514.00ms
-----------

