----------------------------------------------------------.
Numero Intentos:100
NPI: Numero iteraciones promedio.
TP: Tiempo Promedio.
TE: Tasa de exito.
DPR: Desviación porcentual relativa.
----------------------------------------------------------.
NOMBRE              |FUNCION             |ALGORITMO                     |DIMENSION |NPI     |TE      |MEJOR OPTIMO  |PROM OPTIMOS|DPR     |TP        |EVALUACIONES   

#====================================================================================================|100838.0

jeu_200_100_4.txt   |Cuadratica          |IHEAIHEA                      | 200      |79,00   |1,000000|100838,00     |100838,00   |0,000000|542,00    |0,000000       
jeu_200_100_4.txt   |Cuadratica          |IHEASS                        | 200      |79,00   |1,000000|100838,00     |100838,00   |0,000000|564,00    |0,000000       
jeu_200_100_4.txt   |Cuadratica          |IHEAIHEA_A                    | 200      |79,00   |1,000000|100838,00     |100838,00   |0,000000|522,00    |0,000000       


#====================================================================================================|786635.0

jeu_200_100_5.txt   |Cuadratica          |IHEAIHEA                      | 200      |79,00   |1,000000|786635,00     |786635,00   |0,000000|283,00    |0,000000       
jeu_200_100_5.txt   |Cuadratica          |IHEASS                        | 200      |79,00   |1,000000|786635,00     |786635,00   |0,000000|287,00    |0,000000       
jeu_200_100_5.txt   |Cuadratica          |IHEAIHEA_A                    | 200      |79,00   |1,000000|786635,00     |786635,00   |0,000000|202,00    |0,000000       


#====================================================================================================|442894.0

jeu_200_75_1.txt    |Cuadratica          |IHEAIHEA                      | 200      |79,00   |0,000000|442862,00     |442682,27   |0,047806|517,00    |0,000000       
jeu_200_75_1.txt    |Cuadratica          |IHEASS                        | 200      |79,00   |0,000000|442769,00     |442680,67   |0,048167|512,00    |0,000000       
jeu_200_75_1.txt    |Cuadratica          |IHEAIHEA_A                    | 200      |79,00   |0,000000|442814,00     |442681,23   |0,048041|395,00    |0,000000       


#====================================================================================================|286643.0

jeu_200_75_2.txt    |Cuadratica          |IHEAIHEA                      | 200      |79,00   |0,950000|286643,00     |286642,70   |0,000105|570,00    |0,000000       
jeu_200_75_2.txt    |Cuadratica          |IHEASS                        | 200      |79,00   |0,970000|286643,00     |286642,82   |0,000063|573,00    |0,000000       
jeu_200_75_2.txt    |Cuadratica          |IHEAIHEA_A                    | 200      |79,00   |0,940000|286643,00     |286642,64   |0,000126|517,00    |0,000000       


#====================================================================================================|211130.0

jeu_200_50_2.txt    |Cuadratica          |IHEAIHEA                      | 200      |79,00   |0,000000|211110,00     |211089,99   |0,018950|577,00    |0,000000       
jeu_200_50_2.txt    |Cuadratica          |IHEASS                        | 200      |79,00   |0,000000|211110,00     |211089,76   |0,019059|579,00    |0,000000       
jeu_200_50_2.txt    |Cuadratica          |IHEAIHEA_A                    | 200      |79,00   |0,000000|211110,00     |211089,53   |0,019168|527,00    |0,000000       


#====================================================================================================|284751.0

jeu_200_50_10.txt   |Cuadratica          |IHEAIHEA                      | 200      |79,00   |0,610000|284751,00     |284728,97   |0,007737|530,00    |0,000000       
jeu_200_50_10.txt   |Cuadratica          |IHEASS                        | 200      |79,00   |0,640000|284751,00     |284732,11   |0,006634|509,00    |0,000000       
jeu_200_50_10.txt   |Cuadratica          |IHEAIHEA_A                    | 200      |79,00   |0,660000|284751,00     |284744,84   |0,002163|390,00    |0,000000       


#====================================================================================================|972880.0

jeu_300_50_14.txt   |Cuadratica          |IHEAIHEA                      | 300      |82,00   |0,990000|972880,00     |972879,65   |0,000036|569,00    |0,000000       
jeu_300_50_14.txt   |Cuadratica          |IHEASS                        | 300      |82,00   |0,980000|972880,00     |972879,29   |0,000073|569,00    |0,000000       
jeu_300_50_14.txt   |Cuadratica          |IHEAIHEA_A                    | 300      |82,00   |0,990000|972880,00     |972879,94   |0,000006|441,00    |0,000000       


--------------------RESUMEN-----------------
Algoritmo[IHEAIHEA]
aciertos:65,00%
desviacion:0,010662
tiempo promedio:512,57ms
-----------
Algoritmo[IHEASS]
aciertos:65,57%
desviacion:0,010571
tiempo promedio:513,29ms
-----------
Algoritmo[IHEAIHEA_A]
aciertos:65,57%
desviacion:0,009929
tiempo promedio:427,71ms
-----------

