----------------------------------------------------------.
Numero Intentos:100
NPI: Numero iteraciones promedio.
TP: Tiempo Promedio.
TE: Tasa de exito.
DPR: Desviación porcentual relativa.
----------------------------------------------------------.
NOMBRE              |FUNCION             |ALGORITMO                     |DIMENSION |NPI     |TE      |MEJOR OPTIMO  |PROM OPTIMOS|DPR     |TP        |EVALUACIONES
#====================================================================================================|204441.0
jeu_200_25_1.txt    |Cuadratica          |IHEAIHEA                      | 200      |79,00   |1,000000|204441,00     |204441,00   |0,000000|598,00    |0,000000
#====================================================================================================|239573.0
jeu_200_25_2.txt    |Cuadratica          |IHEAIHEA                      | 200      |79,00   |0,850000|239573,00     |239570,75   |0,000939|458,00    |0,000000
#====================================================================================================|222361.0
jeu_200_25_4.txt    |Cuadratica          |IHEAIHEA                      | 200      |79,00   |0,930000|222361,00     |222335,99   |0,011247|644,00    |0,000000
#====================================================================================================|187324.0
jeu_200_25_5.txt    |Cuadratica          |IHEAIHEA                      | 200      |79,00   |0,880000|187324,00     |187323,02   |0,000523|649,00    |0,000000
#====================================================================================================|80351.0
jeu_200_25_6.txt    |Cuadratica          |IHEAIHEA                      | 200      |79,00   |0,600000|80351,00      |80341,32    |0,012047|891,00    |0,000000
#====================================================================================================|59036.0
jeu_200_25_7.txt    |Cuadratica          |IHEAIHEA                      | 200      |79,00   |1,000000|59036,00      |59036,00    |0,000000|876,00    |0,000000
#====================================================================================================|149433.0
jeu_200_25_8.txt    |Cuadratica          |IHEAIHEA                      | 200      |79,00   |0,860000|149433,00     |149424,06   |0,005983|770,00    |0,000000
#====================================================================================================|49366.0
jeu_200_25_9.txt    |Cuadratica          |IHEAIHEA                      | 200      |79,00   |1,000000|49366,00      |49366,00    |0,000000|873,00    |0,000000
#====================================================================================================|48459.0
jeu_200_25_10.txt   |Cuadratica          |IHEAIHEA                      | 200      |79,00   |1,000000|48459,00      |48459,00    |0,000000|904,00    |0,000000
#====================================================================================================|372097.0
jeu_200_50_1.txt    |Cuadratica          |IHEAIHEA                      | 200      |79,00   |1,000000|372097,00     |372097,00   |0,000000|747,00    |0,000000
#====================================================================================================|211130.0
jeu_200_50_2.txt    |Cuadratica          |IHEAIHEA                      | 200      |79,00   |0,010000|211130,00     |211090,19   |0,018856|914,00    |0,000000
#====================================================================================================|227185.0
jeu_200_50_3.txt    |Cuadratica          |IHEAIHEA                      | 200      |79,00   |1,000000|227185,00     |227185,00   |0,000000|902,00    |0,000000
#====================================================================================================|228572.0
jeu_200_50_4.txt    |Cuadratica          |IHEAIHEA                      | 200      |79,00   |1,000000|228572,00     |228572,00   |0,000000|830,00    |0,000000
#====================================================================================================|479651.0
jeu_200_50_5.txt    |Cuadratica          |IHEAIHEA                      | 200      |79,00   |1,000000|479651,00     |479651,00   |0,000000|509,00    |0,000000
#====================================================================================================|426777.0
jeu_200_50_6.txt    |Cuadratica          |IHEAIHEA                      | 200      |79,00   |1,000000|426777,00     |426777,00   |0,000000|615,00    |0,000000
#====================================================================================================|220890.0
jeu_200_50_7.txt    |Cuadratica          |IHEAIHEA                      | 200      |79,00   |0,690000|220890,00     |220878,82   |0,005061|852,00    |0,000000
#====================================================================================================|317952.0
jeu_200_50_8.txt    |Cuadratica          |IHEAIHEA                      | 200      |79,00   |1,000000|317952,00     |317952,00   |0,000000|792,00    |0,000000
#====================================================================================================|104936.0
jeu_200_50_9.txt    |Cuadratica          |IHEAIHEA                      | 200      |79,00   |0,980000|104936,00     |104934,78   |0,001163|916,00    |0,000000
#====================================================================================================|284751.0
jeu_200_50_10.txt   |Cuadratica          |IHEAIHEA                      | 200      |79,00   |0,540000|284751,00     |284722,08   |0,010156|892,00    |0,000000
--------------------RESUMEN-----------------
Algoritmo[IHEAIHEA]
aciertos:86,00%
desviacion:0,003472
tiempo promedio:770,11ms
-----------
