----------------------------------------------------------.
Numero Intentos:5
NPI: Numero iteraciones promedio.
TP: Tiempo Promedio.
TE: Tasa de exito.
DPR: Desviación porcentual relativa.
----------------------------------------------------------.
NOMBRE              |FUNCION             |ALGORITMO                     |DIMENSION |NPI     |TE      |MEJOR OPTIMO  |PROM OPTIMOS|DPR     |TP        |EVALUACIONES   

#====================================================================================================|377.585149872232

instancia_D632i_0.txt|Cuadratica          |IHEAIHEA_M                    | 438      |85,00   |1,000000|377,59        |377,59      |0,000000|1966,00   |0,000000       
instancia_D632i_0.txt|Cuadratica          |IHEAIHEA_A                    | 438      |85,00   |0,400000|377,59        |377,46      |0,033805|851,00    |0,000000       
instancia_D632i_0.txt|FJSGVNS             |JSGVNS-Int[20]                | 438      |20,00   |1,000000|377,59        |377,59      |0,000000|1127,00   |0,000000       


#====================================================================================================|321.54102507338735

instancia_D671g_0.txt|Cuadratica          |IHEAIHEA_M                    | 276      |81,00   |1,000000|321,54        |321,54      |0,000000|1430,00   |0,000000       
instancia_D671g_0.txt|Cuadratica          |IHEAIHEA_A                    | 276      |81,00   |0,000000|321,47        |321,17      |0,115679|678,00    |0,000000       
instancia_D671g_0.txt|FJSGVNS             |JSGVNS-Int[20]                | 276      |20,00   |1,000000|321,54        |321,54      |0,000000|1348,00   |0,000000       


#====================================================================================================|275.631539662967

instancia_D404g_0.txt|Cuadratica          |IHEAIHEA_M                    | 412      |85,00   |1,000000|275,63        |275,63      |0,000000|1693,00   |0,000000       
instancia_D404g_0.txt|Cuadratica          |IHEAIHEA_A                    | 412      |85,00   |1,000000|275,63        |275,63      |0,000000|841,00    |0,000000       
instancia_D404g_0.txt|FJSGVNS             |JSGVNS-Int[20]                | 412      |1,000000|1,000000|275,63        |275,63      |0,000000|8,000000  |0,000000       


#====================================================================================================|327.14992619645847

instancia_D431h_0.txt|Cuadratica          |IHEAIHEA_M                    | 423      |85,00   |1,000000|327,15        |327,15      |0,000000|1949,00   |0,000000       
instancia_D431h_0.txt|Cuadratica          |IHEAIHEA_A                    | 423      |85,00   |0,000000|326,95        |326,59      |0,170556|874,00    |0,000000       
instancia_D431h_0.txt|FJSGVNS             |JSGVNS-Int[20]                | 423      |20,00   |1,000000|327,15        |327,15      |0,000000|1026,00   |0,000000       


#====================================================================================================|278.4218343811521

instancia_D347b_0.txt|Cuadratica          |IHEAIHEA_M                    | 377      |84,00   |0,000000|278,34        |278,34      |0,030222|1833,00   |0,000000       
instancia_D347b_0.txt|Cuadratica          |IHEAIHEA_A                    | 377      |84,00   |0,000000|278,10        |277,73      |0,248328|780,00    |0,000000       
instancia_D347b_0.txt|FJSGVNS             |JSGVNS-Int[20]                | 377      |20,00   |0,400000|278,42        |278,39      |0,011793|1163,00   |0,000000       


#====================================================================================================|271.2029544481135

instancia_D0649D_0.txt|Cuadratica          |IHEAIHEA_M                    | 310      |82,00   |0,400000|271,20        |260,46      |3,960959|1580,00   |0,000000       
instancia_D0649D_0.txt|Cuadratica          |IHEAIHEA_A                    | 310      |82,00   |1,000000|271,20        |271,20      |0,000000|702,00    |0,000000       
instancia_D0649D_0.txt|FJSGVNS             |JSGVNS-Int[20]                | 310      |1,000000|1,000000|271,20        |271,20      |0,000000|7,000000  |0,000000       


#====================================================================================================|406.6905011496234

instancia_D393f_0.txt|Cuadratica          |IHEAIHEA_M                    | 368      |84,00   |0,000000|406,61        |406,61      |0,020943|1781,00   |0,000000       
instancia_D393f_0.txt|Cuadratica          |IHEAIHEA_A                    | 368      |84,00   |0,000000|406,44        |406,27      |0,102433|753,00    |0,000000       
instancia_D393f_0.txt|FJSGVNS             |JSGVNS-Int[20]                | 368      |20,00   |0,600000|406,69        |406,66      |0,008377|1976,00   |0,000000       


#====================================================================================================|643.8758874273051

instancia_D398e_0.txt|Cuadratica          |IHEAIHEA_M                    | 614      |89,00   |1,000000|643,88        |643,88      |0,000000|2150,00   |0,000000       
instancia_D398e_0.txt|Cuadratica          |IHEAIHEA_A                    | 614      |89,00   |1,000000|643,88        |643,88      |0,000000|1062,00   |0,000000       
instancia_D398e_0.txt|FJSGVNS             |JSGVNS-Int[20]                | 614      |20,00   |1,000000|643,88        |643,88      |0,000000|2046,00   |0,000000       


#====================================================================================================|211.64402661254766

instancia_D357i_0.txt|Cuadratica          |IHEAIHEA_M                    | 338      |83,00   |1,000000|211,64        |211,64      |0,000000|1578,00   |0,000000       
instancia_D357i_0.txt|Cuadratica          |IHEAIHEA_A                    | 338      |83,00   |0,000000|211,49        |211,44      |0,095023|760,00    |0,000000       
instancia_D357i_0.txt|FJSGVNS             |JSGVNS-Int[20]                | 338      |20,00   |0,800000|211,64        |211,64      |0,001911|1363,00   |0,000000       


#====================================================================================================|323.01032099633784

instancia_D360f_0.txt|Cuadratica          |IHEAIHEA_M                    | 312      |82,00   |1,000000|323,01        |323,01      |0,000000|1522,00   |0,000000       
instancia_D360f_0.txt|Cuadratica          |IHEAIHEA_A                    | 312      |82,00   |0,400000|323,01        |322,94      |0,020736|649,00    |0,000000       
instancia_D360f_0.txt|FJSGVNS             |JSGVNS-Int[20]                | 312      |20,00   |1,000000|323,01        |323,01      |0,000000|1181,00   |0,000000       


--------------------RESUMEN-----------------
Algoritmo[IHEAIHEA_M]
aciertos:74,00%
desviacion:0,401212
tiempo promedio:1748,20ms
-----------
Algoritmo[IHEAIHEA_A]
aciertos:38,00%
desviacion:0,078656
tiempo promedio:795,00ms
-----------
Algoritmo[JSGVNS-Int[20]]
aciertos:88,00%
desviacion:0,002208
tiempo promedio:1124,50ms
-----------

