----------------------------------------------------------.
Numero Intentos:100
NPI: Numero iteraciones promedio.
TP: Tiempo Promedio.
TE: Tasa de exito.
DPR: Desviación porcentual relativa.
----------------------------------------------------------.
NOMBRE              |FUNCION             |ALGORITMO                     |DIMENSION |NPI     |TE      |MEJOR OPTIMO  |PROM OPTIMOS|DPR     |TP        |EVALUACIONES   

#====================================================================================================|189137.0

jeu_100_75_1.txt    |Cuadratica          |IHEAIHEA                      | 100      |75,00   |1,000000|189137,00     |189137,00   |0,000000|430,00    |0,000000       

#====================================================================================================|95074.0

jeu_100_75_2.txt    |Cuadratica          |IHEAIHEA                      | 100      |75,00   |1,000000|95074,00      |95074,00    |0,000000|722,00    |0,000000       

#====================================================================================================|62098.0

jeu_100_75_3.txt    |Cuadratica          |IHEAIHEA                      | 100      |75,00   |1,000000|62098,00      |62098,00    |0,000000|751,00    |0,000000       

#====================================================================================================|72245.0

jeu_100_75_4.txt    |Cuadratica          |IHEAIHEA                      | 100      |75,00   |0,990000|72245,00      |72244,95    |0,000069|765,00    |0,000000       

#====================================================================================================|27616.0

jeu_100_75_5.txt    |Cuadratica          |IHEAIHEA                      | 100      |75,00   |1,000000|27616,00      |27616,00    |0,000000|748,00    |0,000000       

#====================================================================================================|145273.0

jeu_100_75_6.txt    |Cuadratica          |IHEAIHEA                      | 100      |75,00   |1,000000|145273,00     |145273,00   |0,000000|567,00    |0,000000       

#====================================================================================================|110979.0

jeu_100_75_7.txt    |Cuadratica          |IHEAIHEA                      | 100      |75,00   |1,000000|110979,00     |110979,00   |0,000000|672,00    |0,000000       

#====================================================================================================|19570.0

jeu_100_75_8.txt    |Cuadratica          |IHEAIHEA                      | 100      |75,00   |1,000000|19570,00      |19570,00    |0,000000|727,00    |0,000000       

#====================================================================================================|104341.0

jeu_100_75_9.txt    |Cuadratica          |IHEAIHEA                      | 100      |75,00   |1,000000|104341,00     |104341,00   |0,000000|716,00    |0,000000       

#====================================================================================================|143740.0

jeu_100_75_10.txt   |Cuadratica          |IHEAIHEA                      | 100      |75,00   |1,000000|143740,00     |143740,00   |0,000000|527,00    |0,000000       

#====================================================================================================|83742.0

jeu_100_50_1.txt    |Cuadratica          |IHEAIHEA                      | 100      |75,00   |1,000000|83742,00      |83742,00    |0,000000|619,00    |0,000000       

#====================================================================================================|104856.0

jeu_100_50_2.txt    |Cuadratica          |IHEAIHEA                      | 100      |75,00   |1,000000|104856,00     |104856,00   |0,000000|579,00    |0,000000       

#====================================================================================================|34006.0

jeu_100_50_3.txt    |Cuadratica          |IHEAIHEA                      | 100      |75,00   |1,000000|34006,00      |34006,00    |0,000000|756,00    |0,000000       

#====================================================================================================|105996.0

jeu_100_50_4.txt    |Cuadratica          |IHEAIHEA                      | 100      |75,00   |1,000000|105996,00     |105996,00   |0,000000|546,00    |0,000000       

#====================================================================================================|56464.0

jeu_100_50_5.txt    |Cuadratica          |IHEAIHEA                      | 100      |75,00   |1,000000|56464,00      |56464,00    |0,000000|741,00    |0,000000       

#====================================================================================================|16083.0

jeu_100_50_6.txt    |Cuadratica          |IHEAIHEA                      | 100      |75,00   |1,000000|16083,00      |16083,00    |0,000000|741,00    |0,000000       

#====================================================================================================|52819.0

jeu_100_50_7.txt    |Cuadratica          |IHEAIHEA                      | 100      |75,00   |1,000000|52819,00      |52819,00    |0,000000|678,00    |0,000000       

#====================================================================================================|54246.0

jeu_100_50_8.txt    |Cuadratica          |IHEAIHEA                      | 100      |75,00   |1,000000|54246,00      |54246,00    |0,000000|732,00    |0,000000       

#====================================================================================================|68974.0

jeu_100_50_9.txt    |Cuadratica          |IHEAIHEA                      | 100      |75,00   |1,000000|68974,00      |68974,00    |0,000000|612,00    |0,000000       

#====================================================================================================|88634.0

jeu_100_50_10.txt   |Cuadratica          |IHEAIHEA                      | 100      |75,00   |1,000000|88634,00      |88634,00    |0,000000|621,00    |0,000000       

#====================================================================================================|18558.0

jeu_100_25_1.txt    |Cuadratica          |IHEAIHEA                      | 100      |75,00   |1,000000|18558,00      |18558,00    |0,000000|740,00    |0,000000       

#====================================================================================================|56525.0

jeu_100_25_2.txt    |Cuadratica          |IHEAIHEA                      | 100      |75,00   |1,000000|56525,00      |56525,00    |0,000000|511,00    |0,000000       

#====================================================================================================|3752.0

jeu_100_25_3.txt    |Cuadratica          |IHEAIHEA                      | 100      |75,00   |0,880000|3752,00       |3747,80     |0,111940|611,00    |0,000000       

#====================================================================================================|50382.0

jeu_100_25_4.txt    |Cuadratica          |IHEAIHEA                      | 100      |75,00   |1,000000|50382,00      |50382,00    |0,000000|477,00    |0,000000       

#====================================================================================================|61494.0

jeu_100_25_5.txt    |Cuadratica          |IHEAIHEA                      | 100      |75,00   |1,000000|61494,00      |61494,00    |0,000000|405,00    |0,000000       

#====================================================================================================|36360.0

jeu_100_25_6.txt    |Cuadratica          |IHEAIHEA                      | 100      |75,00   |1,000000|36360,00      |36360,00    |0,000000|644,00    |0,000000       

#====================================================================================================|14657.0

jeu_100_25_7.txt    |Cuadratica          |IHEAIHEA                      | 100      |75,00   |1,000000|14657,00      |14657,00    |0,000000|736,00    |0,000000       

#====================================================================================================|20452.0

jeu_100_25_8.txt    |Cuadratica          |IHEAIHEA                      | 100      |75,00   |1,000000|20452,00      |20452,00    |0,000000|708,00    |0,000000       

#====================================================================================================|35438.0

jeu_100_25_9.txt    |Cuadratica          |IHEAIHEA                      | 100      |75,00   |0,910000|35438,00      |35431,85    |0,017354|622,00    |0,000000       

#====================================================================================================|24930.0

jeu_100_25_10.txt   |Cuadratica          |IHEAIHEA                      | 100      |75,00   |1,000000|24930,00      |24930,00    |0,000000|709,00    |0,000000       

#====================================================================================================|81978.0

jeu_100_100_1.txt   |Cuadratica          |IHEAIHEA                      | 100      |75,00   |1,000000|81978,00      |81978,00    |0,000000|734,00    |0,000000       

#====================================================================================================|190424.0

jeu_100_100_2.txt   |Cuadratica          |IHEAIHEA                      | 100      |75,00   |1,000000|190424,00     |190424,00   |0,000000|560,00    |0,000000       

#====================================================================================================|225434.0

jeu_100_100_3.txt   |Cuadratica          |IHEAIHEA                      | 100      |75,00   |1,000000|225434,00     |225434,00   |0,000000|571,00    |0,000000       

#====================================================================================================|230076.0

jeu_100_100_5.txt   |Cuadratica          |IHEAIHEA                      | 100      |75,00   |1,000000|230076,00     |230076,00   |0,000000|513,00    |0,000000       

#====================================================================================================|74358.0

jeu_100_100_6.txt   |Cuadratica          |IHEAIHEA                      | 100      |75,00   |1,000000|74358,00      |74358,00    |0,000000|748,00    |0,000000       

#====================================================================================================|10330.0

jeu_100_100_7.txt   |Cuadratica          |IHEAIHEA                      | 100      |75,00   |1,000000|10330,00      |10330,00    |0,000000|574,00    |0,000000       

#====================================================================================================|62582.0

jeu_100_100_8.txt   |Cuadratica          |IHEAIHEA                      | 100      |75,00   |1,000000|62582,00      |62582,00    |0,000000|727,00    |0,000000       

#====================================================================================================|232754.0

jeu_100_100_9.txt   |Cuadratica          |IHEAIHEA                      | 100      |75,00   |1,000000|232754,00     |232754,00   |0,000000|495,00    |0,000000       

#====================================================================================================|193262.0

jeu_100_100_10.txt  |Cuadratica          |IHEAIHEA                      | 100      |75,00   |1,000000|193262,00     |193262,00   |0,000000|568,00    |0,000000       

#====================================================================================================|937149.0

jeu_200_100_1.txt   |Cuadratica          |IHEAIHEA                      | 200      |79,00   |0,990000|937149,00     |937147,41   |0,000170|917,00    |0,000000       

#====================================================================================================|303058.0

jeu_200_100_2.txt   |Cuadratica          |IHEAIHEA                      | 200      |79,00   |1,000000|303058,00     |303058,00   |0,000000|1054,00   |0,000000       

#====================================================================================================|29367.0

jeu_200_100_3.txt   |Cuadratica          |IHEAIHEA                      | 200      |79,00   |1,000000|29367,00      |29367,00    |0,000000|926,00    |0,000000       

#====================================================================================================|100838.0

jeu_200_100_4.txt   |Cuadratica          |IHEAIHEA                      | 200      |79,00   |1,000000|100838,00     |100838,00   |0,000000|1018,00   |0,000000       

#====================================================================================================|786635.0

jeu_200_100_5.txt   |Cuadratica          |IHEAIHEA                      | 200      |79,00   |1,000000|786635,00     |786635,00   |0,000000|909,00    |0,000000       

#====================================================================================================|41171.0

jeu_200_100_6.txt   |Cuadratica          |IHEAIHEA                      | 200      |79,00   |1,000000|41171,00      |41171,00    |0,000000|997,00    |0,000000       

#====================================================================================================|701094.0

jeu_200_100_7.txt   |Cuadratica          |IHEAIHEA                      | 200      |79,00   |1,000000|701094,00     |701094,00   |0,000000|959,00    |0,000000       

#====================================================================================================|782443.0

jeu_200_100_8.txt   |Cuadratica          |IHEAIHEA                      | 200      |79,00   |1,000000|782443,00     |782443,00   |0,000000|979,00    |0,000000       

#====================================================================================================|628992.0

jeu_200_100_9.txt   |Cuadratica          |IHEAIHEA                      | 200      |79,00   |1,000000|628992,00     |628992,00   |0,000000|1006,00   |0,000000       

#====================================================================================================|378442.0

jeu_200_100_10.txt  |Cuadratica          |IHEAIHEA                      | 200      |79,00   |1,000000|378442,00     |378442,00   |0,000000|1055,00   |0,000000       

--------------------RESUMEN-----------------
Algoritmo[IHEAIHEA]
aciertos:99,53%
desviacion:0,002644
tiempo promedio:708,63ms
-----------

