----------------------------------------------------------.
Numero Intentos:1
NPI: Numero iteraciones promedio.
TP: Tiempo Promedio.
TE: Tasa de exito.
DPR: Desviación porcentual relativa.
----------------------------------------------------------.
NOMBRE              |FUNCION             |ALGORITMO                     |DIMENSION |NPI     |TE      |MEJOR OPTIMO  |PROM OPTIMOS|DPR     |TP        |EVALUACIONES   

#====================================================================================================|6172407.0

1000_25_1.txt       |Cuadratica          |IHEAIHEA                      |1000      |96,00   |1,000000|6172407,00    |6172407,00  |0,000000|64418,00  |0,000000       
1000_25_1.txt       |Cuadratica          |IHEAIHEA_M                    |1000      |96,00   |0,000000|6164634,00    |6164634,00  |0,125931|20467,00  |0,000000       
1000_25_1.txt       |Cuadratica          |IHEAIHEA_A                    |1000      |96,00   |0,000000|6164634,00    |6164634,00  |0,125931|21929,00  |0,000000       


#====================================================================================================|229941.0

1000_25_2.txt       |Cuadratica          |IHEAIHEA                      |1000      |96,00   |0,000000|229881,00     |229881,00   |0,026094|88702,00  |0,000000       
1000_25_2.txt       |Cuadratica          |IHEAIHEA_M                    |1000      |96,00   |1,000000|229941,00     |229941,00   |0,000000|18335,00  |0,000000       
1000_25_2.txt       |Cuadratica          |IHEAIHEA_A                    |1000      |96,00   |1,000000|229941,00     |229941,00   |0,000000|18731,00  |0,000000       


#====================================================================================================|172418.0

1000_25_3.txt       |Cuadratica          |IHEAIHEA                      |1000      |96,00   |1,000000|172418,00     |172418,00   |0,000000|82172,00  |0,000000       
1000_25_3.txt       |Cuadratica          |IHEAIHEA_M                    |1000      |96,00   |1,000000|172418,00     |172418,00   |0,000000|10395,00  |0,000000       
1000_25_3.txt       |Cuadratica          |IHEAIHEA_A                    |1000      |96,00   |1,000000|172418,00     |172418,00   |0,000000|16306,00  |0,000000       


#====================================================================================================|367426.0

1000_25_4.txt       |Cuadratica          |IHEAIHEA                      |1000      |96,00   |1,000000|367426,00     |367426,00   |0,000000|95710,00  |0,000000       
1000_25_4.txt       |Cuadratica          |IHEAIHEA_M                    |1000      |96,00   |1,000000|367426,00     |367426,00   |0,000000|18291,00  |0,000000       
1000_25_4.txt       |Cuadratica          |IHEAIHEA_A                    |1000      |96,00   |1,000000|367426,00     |367426,00   |0,000000|21345,00  |0,000000       


#====================================================================================================|4885611.0

1000_25_5.txt       |Cuadratica          |IHEAIHEA                      |1000      |96,00   |0,000000|4885503,00    |4885503,00  |0,002211|73795,00  |0,000000       
1000_25_5.txt       |Cuadratica          |IHEAIHEA_M                    |1000      |96,00   |0,000000|4885199,00    |4885199,00  |0,008433|23820,00  |0,000000       
1000_25_5.txt       |Cuadratica          |IHEAIHEA_A                    |1000      |96,00   |0,000000|4885275,00    |4885275,00  |0,006877|25410,00  |0,000000       


#====================================================================================================|15689.0

1000_25_6.txt       |Cuadratica          |IHEAIHEA                      |1000      |96,00   |1,000000|15689,00      |15689,00    |0,000000|39314,00  |0,000000       
1000_25_6.txt       |Cuadratica          |IHEAIHEA_M                    |1000      |96,00   |1,000000|15689,00      |15689,00    |0,000000|10888,00  |0,000000       
1000_25_6.txt       |Cuadratica          |IHEAIHEA_A                    |1000      |96,00   |1,000000|15689,00      |15689,00    |0,000000|6907,00   |0,000000       


#====================================================================================================|4945810.0

1000_25_7.txt       |Cuadratica          |IHEAIHEA                      |1000      |96,00   |1,000000|4945810,00    |4945810,00  |0,000000|73729,00  |0,000000       
1000_25_7.txt       |Cuadratica          |IHEAIHEA_M                    |1000      |96,00   |0,000000|4944825,00    |4944825,00  |0,019916|25402,00  |0,000000       
1000_25_7.txt       |Cuadratica          |IHEAIHEA_A                    |1000      |96,00   |0,000000|4945799,00    |4945799,00  |0,000222|27537,00  |0,000000       


#====================================================================================================|1710198.0

1000_25_8.txt       |Cuadratica          |IHEAIHEA                      |1000      |96,00   |0,000000|1709614,00    |1709614,00  |0,034148|104872,00 |0,000000       
1000_25_8.txt       |Cuadratica          |IHEAIHEA_M                    |1000      |96,00   |0,000000|1710110,00    |1710110,00  |0,005146|21246,00  |0,000000       
1000_25_8.txt       |Cuadratica          |IHEAIHEA_A                    |1000      |96,00   |0,000000|1710110,00    |1710110,00  |0,005146|27468,00  |0,000000       


#====================================================================================================|496315.0

1000_25_9.txt       |Cuadratica          |IHEAIHEA                      |1000      |96,00   |1,000000|496315,00     |496315,00   |0,000000|101659,00 |0,000000       
1000_25_9.txt       |Cuadratica          |IHEAIHEA_M                    |1000      |96,00   |1,000000|496315,00     |496315,00   |0,000000|18522,00  |0,000000       
1000_25_9.txt       |Cuadratica          |IHEAIHEA_A                    |1000      |96,00   |1,000000|496315,00     |496315,00   |0,000000|23812,00  |0,000000       


#====================================================================================================|1173792.0

1000_25_10.txt      |Cuadratica          |IHEAIHEA                      |1000      |96,00   |0,000000|1173088,00    |1173088,00  |0,059977|103825,00 |0,000000       
1000_25_10.txt      |Cuadratica          |IHEAIHEA_M                    |1000      |96,00   |0,000000|1173744,00    |1173744,00  |0,004089|22585,00  |0,000000       
1000_25_10.txt      |Cuadratica          |IHEAIHEA_A                    |1000      |96,00   |0,000000|1173789,00    |1173789,00  |0,000256|26494,00  |0,000000       


--------------------RESUMEN-----------------
Algoritmo[IHEAIHEA]
aciertos:60,00%
desviacion:0,012243
tiempo promedio:82819,60ms
-----------
Algoritmo[IHEAIHEA_M]
aciertos:50,00%
desviacion:0,016352
tiempo promedio:18995,10ms
-----------
Algoritmo[IHEAIHEA_A]
aciertos:50,00%
desviacion:0,013843
tiempo promedio:21593,90ms
-----------

