----------------------------------------------------------.
Numero Intentos:5
NPI: Numero iteraciones promedio.
TP: Tiempo Promedio.
TE: Tasa de exito.
DPR: Desviación porcentual relativa.
----------------------------------------------------------.
NOMBRE              |FUNCION             |ALGORITMO                     |DIMENSION |NPI     |TE      |MEJOR OPTIMO  |PROM OPTIMOS|DPR     |TP        |EVALUACIONES   

#====================================================================================================|972880.0

jeu_300_50_14.txt   |Cuadratica          |IHEAIHEA_M                    | 300      |82,00   |1,000000|972880,00     |972880,00   |0,000000|5656,00   |0,000000       
jeu_300_50_14.txt   |Cuadratica          |IHEAIHEA_A                    | 300      |82,00   |1,000000|972880,00     |972880,00   |0,000000|3846,00   |0,000000       
jeu_300_50_14.txt   |FJSGVNS             |JSGVNS-Int[20]                | 300      |20,00   |0,400000|972880,00     |972857,00   |0,002364|13114,00  |0,000000       


#====================================================================================================|383377.0

jeu_300_25_10.txt   |Cuadratica          |IHEAIHEA_M                    | 300      |82,00   |1,000000|383377,00     |383377,00   |0,000000|5486,00   |0,000000       
jeu_300_25_10.txt   |Cuadratica          |IHEAIHEA_A                    | 300      |82,00   |1,000000|383377,00     |383377,00   |0,000000|3716,00   |0,000000       
jeu_300_25_10.txt   |FJSGVNS             |JSGVNS-Int[20]                | 300      |20,00   |0,000000|383160,00     |383092,00   |0,074339|5072,00   |0,000000       


#====================================================================================================|228681.0

jeu_300_25_11.txt   |Cuadratica          |IHEAIHEA_M                    | 300      |82,00   |1,000000|228681,00     |228681,00   |0,000000|6011,00   |0,000000       
jeu_300_25_11.txt   |Cuadratica          |IHEAIHEA_A                    | 300      |82,00   |1,000000|228681,00     |228681,00   |0,000000|5252,00   |0,000000       
jeu_300_25_11.txt   |FJSGVNS             |JSGVNS-Int[20]                | 300      |1,000000|1,000000|228681,00     |228681,00   |0,000000|229,00    |0,000000       


#====================================================================================================|392829.0

jeu_300_25_12.txt   |Cuadratica          |IHEAIHEA_M                    | 300      |82,00   |1,000000|392829,00     |392829,00   |0,000000|5295,00   |0,000000       
jeu_300_25_12.txt   |Cuadratica          |IHEAIHEA_A                    | 300      |82,00   |1,000000|392829,00     |392829,00   |0,000000|3582,00   |0,000000       
jeu_300_25_12.txt   |FJSGVNS             |JSGVNS-Int[20]                | 300      |20,00   |0,000000|392745,00     |392547,80   |0,071583|4684,00   |0,000000       


#====================================================================================================|395598.0

jeu_300_25_13.txt   |Cuadratica          |IHEAIHEA_M                    | 300      |82,00   |0,800000|395598,00     |395587,60   |0,002629|5958,00   |0,000000       
jeu_300_25_13.txt   |Cuadratica          |IHEAIHEA_A                    | 300      |82,00   |0,800000|395598,00     |395568,60   |0,007432|4779,00   |0,000000       
jeu_300_25_13.txt   |FJSGVNS             |JSGVNS-Int[20]                | 300      |20,00   |0,000000|395340,00     |395164,40   |0,109606|4650,00   |0,000000       


#====================================================================================================|462104.0

jeu_300_25_14.txt   |Cuadratica          |IHEAIHEA_M                    | 300      |82,00   |0,000000|462088,00     |461968,80   |0,029257|5821,00   |0,000000       
jeu_300_25_14.txt   |Cuadratica          |IHEAIHEA_A                    | 300      |82,00   |1,000000|462104,00     |462104,00   |0,000000|4374,00   |0,000000       
jeu_300_25_14.txt   |FJSGVNS             |JSGVNS-Int[20]                | 300      |20,00   |0,000000|462088,00     |462027,60   |0,016533|5538,00   |0,000000       


#====================================================================================================|24516.0

jeu_300_25_15.txt   |Cuadratica          |IHEAIHEA_M                    | 300      |82,00   |1,000000|24516,00      |24516,00    |0,000000|5448,00   |0,000000       
jeu_300_25_15.txt   |Cuadratica          |IHEAIHEA_A                    | 300      |82,00   |1,000000|24516,00      |24516,00    |0,000000|4090,00   |0,000000       
jeu_300_25_15.txt   |FJSGVNS             |JSGVNS-Int[20]                | 300      |20,00   |0,000000|24459,00      |24363,80    |0,620819|2578,00   |0,000000       


#====================================================================================================|60063.0

jeu_300_25_16.txt   |Cuadratica          |IHEAIHEA_M                    | 300      |82,00   |1,000000|60063,00      |60063,00    |0,000000|5734,00   |0,000000       
jeu_300_25_16.txt   |Cuadratica          |IHEAIHEA_A                    | 300      |82,00   |0,800000|60063,00      |60062,00    |0,001665|5086,00   |0,000000       
jeu_300_25_16.txt   |FJSGVNS             |JSGVNS-Int[20]                | 300      |20,00   |0,200000|60063,00      |59893,60    |0,282037|3045,00   |0,000000       


#====================================================================================================|431225.0

jeu_300_25_17.txt   |Cuadratica          |IHEAIHEA_M                    | 300      |82,00   |0,600000|431225,00     |431129,40   |0,022169|5875,00   |0,000000       
jeu_300_25_17.txt   |Cuadratica          |IHEAIHEA_A                    | 300      |82,00   |1,000000|431225,00     |431225,00   |0,000000|3829,00   |0,000000       
jeu_300_25_17.txt   |FJSGVNS             |JSGVNS-Int[20]                | 300      |20,00   |0,000000|430360,00     |430288,20   |0,217242|4482,00   |0,000000       


#====================================================================================================|516936.0

jeu_300_25_18.txt   |Cuadratica          |IHEAIHEA_M                    | 300      |82,00   |1,000000|516936,00     |516936,00   |0,000000|5265,00   |0,000000       
jeu_300_25_18.txt   |Cuadratica          |IHEAIHEA_A                    | 300      |82,00   |1,000000|516936,00     |516936,00   |0,000000|3008,00   |0,000000       
jeu_300_25_18.txt   |FJSGVNS             |JSGVNS-Int[20]                | 300      |20,00   |0,200000|516936,00     |516846,40   |0,017333|6974,00   |0,000000       


#====================================================================================================|203262.0

jeu_300_25_19.txt   |Cuadratica          |IHEAIHEA_M                    | 300      |82,00   |1,000000|203262,00     |203262,00   |0,000000|6203,00   |0,000000       
jeu_300_25_19.txt   |Cuadratica          |IHEAIHEA_A                    | 300      |82,00   |1,000000|203262,00     |203262,00   |0,000000|5550,00   |0,000000       
jeu_300_25_19.txt   |FJSGVNS             |JSGVNS-Int[20]                | 300      |1,000000|1,000000|203262,00     |203262,00   |0,000000|209,00    |0,000000       


#====================================================================================================|311251.0

jeu_300_25_20.txt   |Cuadratica          |IHEAIHEA_M                    | 300      |82,00   |1,000000|311251,00     |311251,00   |0,000000|5713,00   |0,000000       
jeu_300_25_20.txt   |Cuadratica          |IHEAIHEA_A                    | 300      |82,00   |1,000000|311251,00     |311251,00   |0,000000|4448,00   |0,000000       
jeu_300_25_20.txt   |FJSGVNS             |JSGVNS-Int[20]                | 300      |20,00   |0,000000|311210,00     |311118,60   |0,042538|3123,00   |0,000000       


#====================================================================================================|996070.0

jeu_300_50_10.txt   |Cuadratica          |IHEAIHEA_M                    | 300      |82,00   |0,600000|996070,00     |995316,00   |0,075697|5912,00   |0,000000       
jeu_300_50_10.txt   |Cuadratica          |IHEAIHEA_A                    | 300      |82,00   |1,000000|996070,00     |996070,00   |0,000000|4745,00   |0,000000       
jeu_300_50_10.txt   |FJSGVNS             |JSGVNS-Int[20]                | 300      |20,00   |0,000000|994096,00     |994031,40   |0,204664|7358,00   |0,000000       


#====================================================================================================|423256.0

jeu_300_50_11.txt   |Cuadratica          |IHEAIHEA_M                    | 300      |82,00   |0,800000|423256,00     |423254,60   |0,000331|6495,00   |0,000000       
jeu_300_50_11.txt   |Cuadratica          |IHEAIHEA_A                    | 300      |82,00   |0,600000|423256,00     |423253,20   |0,000662|6184,00   |0,000000       
jeu_300_50_11.txt   |FJSGVNS             |JSGVNS-Int[20]                | 300      |20,00   |0,000000|423249,00     |423183,40   |0,017153|4626,00   |0,000000       


#====================================================================================================|407905.0

jeu_300_50_12.txt   |Cuadratica          |IHEAIHEA_M                    | 300      |82,00   |0,200000|407905,00     |407846,60   |0,014317|6446,00   |0,000000       
jeu_300_50_12.txt   |Cuadratica          |IHEAIHEA_A                    | 300      |82,00   |1,000000|407905,00     |407905,00   |0,000000|6457,00   |0,000000       
jeu_300_50_12.txt   |FJSGVNS             |JSGVNS-Int[20]                | 300      |20,00   |0,000000|407832,00     |407748,60   |0,038342|5582,00   |0,000000       


#====================================================================================================|205566.0

jeu_300_50_13.txt   |Cuadratica          |IHEAIHEA_M                    | 300      |82,00   |0,000000|205458,00     |205458,00   |0,052538|6526,00   |0,000000       
jeu_300_50_13.txt   |Cuadratica          |IHEAIHEA_A                    | 300      |82,00   |1,000000|205566,00     |205566,00   |0,000000|6314,00   |0,000000       
jeu_300_50_13.txt   |FJSGVNS             |JSGVNS-Int[20]                | 300      |20,00   |0,000000|205458,00     |205241,20   |0,158003|3752,00   |0,000000       


#====================================================================================================|972880.0

jeu_300_50_14.txt   |Cuadratica          |IHEAIHEA_M                    | 300      |82,00   |1,000000|972880,00     |972880,00   |0,000000|5673,00   |0,000000       
jeu_300_50_14.txt   |Cuadratica          |IHEAIHEA_A                    | 300      |82,00   |0,800000|972880,00     |972878,80   |0,000123|4075,00   |0,000000       
jeu_300_50_14.txt   |FJSGVNS             |JSGVNS-Int[20]                | 300      |20,00   |0,400000|972880,00     |972847,40   |0,003351|13087,00  |0,000000       


#====================================================================================================|958289.0

jeu_300_50_15.txt   |Cuadratica          |IHEAIHEA_M                    | 300      |82,00   |1,000000|958289,00     |958289,00   |0,000000|5801,00   |0,000000       
jeu_300_50_15.txt   |Cuadratica          |IHEAIHEA_A                    | 300      |82,00   |1,000000|958289,00     |958289,00   |0,000000|3802,00   |0,000000       
jeu_300_50_15.txt   |FJSGVNS             |JSGVNS-Int[20]                | 300      |20,00   |0,000000|958258,00     |958065,20   |0,023354|6836,00   |0,000000       


#====================================================================================================|1038127.0

jeu_300_50_16.txt   |Cuadratica          |IHEAIHEA_M                    | 300      |82,00   |0,800000|1038127,00    |1038062,00  |0,006261|5301,00   |0,000000       
jeu_300_50_16.txt   |Cuadratica          |IHEAIHEA_A                    | 300      |82,00   |1,000000|1038127,00    |1038127,00  |0,000000|3484,00   |0,000000       
jeu_300_50_16.txt   |FJSGVNS             |JSGVNS-Int[20]                | 300      |20,00   |0,200000|1038127,00    |1037963,60  |0,015740|8455,00   |0,000000       


#====================================================================================================|253808.0

jeu_300_50_17.txt   |Cuadratica          |IHEAIHEA_M                    | 300      |82,00   |1,000000|253808,00     |253808,00   |0,000000|6632,00   |0,000000       
jeu_300_50_17.txt   |Cuadratica          |IHEAIHEA_A                    | 300      |82,00   |1,000000|253808,00     |253808,00   |0,000000|5280,00   |0,000000       
jeu_300_50_17.txt   |FJSGVNS             |JSGVNS-Int[20]                | 300      |20,00   |1,000000|253808,00     |253808,00   |0,000000|5754,00   |0,000000       


#====================================================================================================|98772.0

jeu_300_50_18.txt   |Cuadratica          |IHEAIHEA_M                    | 300      |82,00   |1,000000|98772,00      |98772,00    |0,000000|6214,00   |0,000000       
jeu_300_50_18.txt   |Cuadratica          |IHEAIHEA_A                    | 300      |82,00   |0,800000|98772,00      |98770,60    |0,001417|4910,00   |0,000000       
jeu_300_50_18.txt   |FJSGVNS             |JSGVNS-Int[20]                | 300      |20,00   |0,200000|98772,00      |98742,00    |0,030373|3297,00   |0,000000       


#====================================================================================================|559374.0

jeu_300_50_19.txt   |Cuadratica          |IHEAIHEA_M                    | 300      |82,00   |0,600000|559374,00     |559192,80   |0,032393|6537,00   |0,000000       
jeu_300_50_19.txt   |Cuadratica          |IHEAIHEA_A                    | 300      |82,00   |1,000000|559374,00     |559374,00   |0,000000|5630,00   |0,000000       
jeu_300_50_19.txt   |FJSGVNS             |JSGVNS-Int[20]                | 300      |20,00   |0,000000|558635,00     |558437,40   |0,167437|5147,00   |0,000000       


#====================================================================================================|890913.0

jeu_300_50_20.txt   |Cuadratica          |IHEAIHEA_M                    | 300      |82,00   |1,000000|890913,00     |890913,00   |0,000000|5949,00   |0,000000       
jeu_300_50_20.txt   |Cuadratica          |IHEAIHEA_A                    | 300      |82,00   |1,000000|890913,00     |890913,00   |0,000000|4069,00   |0,000000       
jeu_300_50_20.txt   |FJSGVNS             |JSGVNS-Int[20]                | 300      |20,00   |0,200000|890913,00     |890806,40   |0,011965|7366,00   |0,000000       


--------------------RESUMEN-----------------
Algoritmo[IHEAIHEA_M]
aciertos:80,00%
desviacion:0,010243
tiempo promedio:5910,91ms
-----------
Algoritmo[IHEAIHEA_A]
aciertos:94,78%
desviacion:0,000491
tiempo promedio:4630,87ms
-----------
Algoritmo[JSGVNS-Int[20]]
aciertos:20,87%
desviacion:0,092382
tiempo promedio:5432,96ms
-----------

