----------------------------------------------------------.
Numero Intentos:10
NPI: Numero iteraciones promedio.
TP: Tiempo Promedio.
TE: Tasa de exito.
DPR: Desviación porcentual relativa.
----------------------------------------------------------.
NOMBRE              |FUNCION             |ALGORITMO                     |DIMENSION |NPI     |TE      |MEJOR OPTIMO  |PROM OPTIMOS|DPR     |TP        |EVALUACIONES   

#====================================================================================================|18558.0

jeu_100_25_1.txt    |Cuadratica          |IHEAIHEA_M                    | 100      |36,30   |0,900000|18558,00      |18557,00    |0,005389|577,00    |0,000000       


#====================================================================================================|56525.0

jeu_100_25_2.txt    |Cuadratica          |IHEAIHEA_M                    | 100      |1,700000|1,000000|56525,00      |56525,00    |0,000000|161,00    |0,000000       


#====================================================================================================|3752.0

jeu_100_25_3.txt    |Cuadratica          |IHEAIHEA_M                    | 100      |14,60   |1,000000|3752,00       |3752,00     |0,000000|512,00    |0,000000       


#====================================================================================================|50382.0

jeu_100_25_4.txt    |Cuadratica          |IHEAIHEA_M                    | 100      |19,30   |1,000000|50382,00      |50382,00    |0,000000|559,00    |0,000000       


#====================================================================================================|61494.0

jeu_100_25_5.txt    |Cuadratica          |IHEAIHEA_M                    | 100      |1,300000|1,000000|61494,00      |61494,00    |0,000000|129,00    |0,000000       


#====================================================================================================|36360.0

jeu_100_25_6.txt    |Cuadratica          |IHEAIHEA_M                    | 100      |5,700000|1,000000|36360,00      |36360,00    |0,000000|503,00    |0,000000       


#====================================================================================================|14657.0

jeu_100_25_7.txt    |Cuadratica          |IHEAIHEA_M                    | 100      |3,500000|1,000000|14657,00      |14657,00    |0,000000|333,00    |0,000000       


#====================================================================================================|20452.0

jeu_100_25_8.txt    |Cuadratica          |IHEAIHEA_M                    | 100      |2,700000|1,000000|20452,00      |20452,00    |0,000000|345,00    |0,000000       


#====================================================================================================|35438.0

jeu_100_25_9.txt    |Cuadratica          |IHEAIHEA_M                    | 100      |17,40   |1,000000|35438,00      |35438,00    |0,000000|561,00    |0,000000       


#====================================================================================================|24930.0

jeu_100_25_10.txt   |Cuadratica          |IHEAIHEA_M                    | 100      |2,400000|1,000000|24930,00      |24930,00    |0,000000|256,00    |0,000000       


#====================================================================================================|83742.0

jeu_100_50_1.txt    |Cuadratica          |IHEAIHEA_M                    | 100      |2,600000|1,000000|83742,00      |83742,00    |0,000000|263,00    |0,000000       


#====================================================================================================|104856.0

jeu_100_50_2.txt    |Cuadratica          |IHEAIHEA_M                    | 100      |3,600000|1,000000|104856,00     |104856,00   |0,000000|340,00    |0,000000       


#====================================================================================================|34006.0

jeu_100_50_3.txt    |Cuadratica          |IHEAIHEA_M                    | 100      |2,700000|1,000000|34006,00      |34006,00    |0,000000|293,00    |0,000000       


#====================================================================================================|105996.0

jeu_100_50_4.txt    |Cuadratica          |IHEAIHEA_M                    | 100      |1,900000|1,000000|105996,00     |105996,00   |0,000000|165,00    |0,000000       


#====================================================================================================|56464.0

jeu_100_50_5.txt    |Cuadratica          |IHEAIHEA_M                    | 100      |2,000000|1,000000|56464,00      |56464,00    |0,000000|221,00    |0,000000       


#====================================================================================================|16083.0

jeu_100_50_6.txt    |Cuadratica          |IHEAIHEA_M                    | 100      |2,000000|1,000000|16083,00      |16083,00    |0,000000|169,00    |0,000000       


#====================================================================================================|52819.0

jeu_100_50_7.txt    |Cuadratica          |IHEAIHEA_M                    | 100      |2,000000|1,000000|52819,00      |52819,00    |0,000000|221,00    |0,000000       


#====================================================================================================|54246.0

jeu_100_50_8.txt    |Cuadratica          |IHEAIHEA_M                    | 100      |2,000000|1,000000|54246,00      |54246,00    |0,000000|207,00    |0,000000       


#====================================================================================================|68974.0

jeu_100_50_9.txt    |Cuadratica          |IHEAIHEA_M                    | 100      |1,700000|1,000000|68974,00      |68974,00    |0,000000|162,00    |0,000000       


#====================================================================================================|88634.0

jeu_100_50_10.txt   |Cuadratica          |IHEAIHEA_M                    | 100      |11,10   |1,000000|88634,00      |88634,00    |0,000000|566,00    |0,000000       


#====================================================================================================|189137.0

jeu_100_75_1.txt    |Cuadratica          |IHEAIHEA_M                    | 100      |1,200000|1,000000|189137,00     |189137,00   |0,000000|144,00    |0,000000       


#====================================================================================================|95074.0

jeu_100_75_2.txt    |Cuadratica          |IHEAIHEA_M                    | 100      |4,600000|1,000000|95074,00      |95074,00    |0,000000|527,00    |0,000000       


#====================================================================================================|62098.0

jeu_100_75_3.txt    |Cuadratica          |IHEAIHEA_M                    | 100      |1,800000|1,000000|62098,00      |62098,00    |0,000000|211,00    |0,000000       


#====================================================================================================|72245.0

jeu_100_75_4.txt    |Cuadratica          |IHEAIHEA_M                    | 100      |2,200000|1,000000|72245,00      |72245,00    |0,000000|337,00    |0,000000       


#====================================================================================================|27616.0

jeu_100_75_5.txt    |Cuadratica          |IHEAIHEA_M                    | 100      |1,900000|1,000000|27616,00      |27616,00    |0,000000|194,00    |0,000000       


#====================================================================================================|145273.0

jeu_100_75_6.txt    |Cuadratica          |IHEAIHEA_M                    | 100      |2,900000|1,000000|145273,00     |145273,00   |0,000000|270,00    |0,000000       


#====================================================================================================|110979.0

jeu_100_75_7.txt    |Cuadratica          |IHEAIHEA_M                    | 100      |2,700000|1,000000|110979,00     |110979,00   |0,000000|275,00    |0,000000       


#====================================================================================================|19570.0

jeu_100_75_8.txt    |Cuadratica          |IHEAIHEA_M                    | 100      |1,600000|1,000000|19570,00      |19570,00    |0,000000|122,00    |0,000000       


#====================================================================================================|104341.0

jeu_100_75_9.txt    |Cuadratica          |IHEAIHEA_M                    | 100      |2,000000|1,000000|104341,00     |104341,00   |0,000000|300,00    |0,000000       


#====================================================================================================|143740.0

jeu_100_75_10.txt   |Cuadratica          |IHEAIHEA_M                    | 100      |2,000000|1,000000|143740,00     |143740,00   |0,000000|221,00    |0,000000       


#====================================================================================================|81978.0

jeu_100_100_1.txt   |Cuadratica          |IHEAIHEA_M                    | 100      |32,90   |0,800000|81978,00      |81974,60    |0,004147|573,00    |0,000000       


#====================================================================================================|190424.0

jeu_100_100_2.txt   |Cuadratica          |IHEAIHEA_M                    | 100      |2,500000|1,000000|190424,00     |190424,00   |0,000000|249,00    |0,000000       


#====================================================================================================|225434.0

jeu_100_100_3.txt   |Cuadratica          |IHEAIHEA_M                    | 100      |1,500000|1,000000|225434,00     |225434,00   |0,000000|137,00    |0,000000       


#====================================================================================================|230076.0

jeu_100_100_5.txt   |Cuadratica          |IHEAIHEA_M                    | 100      |2,000000|1,000000|230076,00     |230076,00   |0,000000|152,00    |0,000000       


#====================================================================================================|74358.0

jeu_100_100_6.txt   |Cuadratica          |IHEAIHEA_M                    | 100      |2,100000|1,000000|74358,00      |74358,00    |0,000000|252,00    |0,000000       


#====================================================================================================|10330.0

jeu_100_100_7.txt   |Cuadratica          |IHEAIHEA_M                    | 100      |1,500000|1,000000|10330,00      |10330,00    |0,000000|117,00    |0,000000       


#====================================================================================================|62582.0

jeu_100_100_8.txt   |Cuadratica          |IHEAIHEA_M                    | 100      |1,900000|1,000000|62582,00      |62582,00    |0,000000|149,00    |0,000000       


#====================================================================================================|232754.0

jeu_100_100_9.txt   |Cuadratica          |IHEAIHEA_M                    | 100      |2,000000|1,000000|232754,00     |232754,00   |0,000000|139,00    |0,000000       


#====================================================================================================|193262.0

jeu_100_100_10.txt  |Cuadratica          |IHEAIHEA_M                    | 100      |2,000000|1,000000|193262,00     |193262,00   |0,000000|157,00    |0,000000       


#====================================================================================================|204441.0

jeu_200_25_1.txt    |Cuadratica          |IHEAIHEA_M                    | 200      |2,000000|1,000000|204441,00     |204441,00   |0,000000|412,00    |0,000000       


#====================================================================================================|239573.0

jeu_200_25_2.txt    |Cuadratica          |IHEAIHEA_M                    | 200      |1,900000|1,000000|239573,00     |239573,00   |0,000000|308,00    |0,000000       


#====================================================================================================|222361.0

jeu_200_25_4.txt    |Cuadratica          |IHEAIHEA_M                    | 200      |1,900000|1,000000|222361,00     |222361,00   |0,000000|355,00    |0,000000       


#====================================================================================================|187324.0

jeu_200_25_5.txt    |Cuadratica          |IHEAIHEA_M                    | 200      |3,100000|1,000000|187324,00     |187324,00   |0,000000|499,00    |0,000000       


#====================================================================================================|80351.0

jeu_200_25_6.txt    |Cuadratica          |IHEAIHEA_M                    | 200      |5,400000|1,000000|80351,00      |80351,00    |0,000000|586,00    |0,000000       


#====================================================================================================|59036.0

jeu_200_25_7.txt    |Cuadratica          |IHEAIHEA_M                    | 200      |2,600000|1,000000|59036,00      |59036,00    |0,000000|489,00    |0,000000       


#====================================================================================================|149433.0

jeu_200_25_8.txt    |Cuadratica          |IHEAIHEA_M                    | 200      |73,10   |0,200000|149433,00     |149387,10   |0,030716|760,00    |0,000000       


#====================================================================================================|49366.0

jeu_200_25_9.txt    |Cuadratica          |IHEAIHEA_M                    | 200      |2,500000|1,000000|49366,00      |49366,00    |0,000000|508,00    |0,000000       


#====================================================================================================|48459.0

jeu_200_25_10.txt   |Cuadratica          |IHEAIHEA_M                    | 200      |1,900000|1,000000|48459,00      |48459,00    |0,000000|348,00    |0,000000       


#====================================================================================================|372097.0

jeu_200_50_1.txt    |Cuadratica          |IHEAIHEA_M                    | 200      |1,800000|1,000000|372097,00     |372097,00   |0,000000|392,00    |0,000000       


#====================================================================================================|211130.0

jeu_200_50_2.txt    |Cuadratica          |IHEAIHEA_M                    | 200      |79,00   |0,000000|211110,00     |211110,00   |0,009473|929,00    |0,000000       


#====================================================================================================|227185.0

jeu_200_50_3.txt    |Cuadratica          |IHEAIHEA_M                    | 200      |2,000000|1,000000|227185,00     |227185,00   |0,000000|522,00    |0,000000       


#====================================================================================================|228572.0

jeu_200_50_4.txt    |Cuadratica          |IHEAIHEA_M                    | 200      |1,500000|1,000000|228572,00     |228572,00   |0,000000|376,00    |0,000000       


#====================================================================================================|479651.0

jeu_200_50_5.txt    |Cuadratica          |IHEAIHEA_M                    | 200      |14,80   |1,000000|479651,00     |479651,00   |0,000000|559,00    |0,000000       


#====================================================================================================|426777.0

jeu_200_50_6.txt    |Cuadratica          |IHEAIHEA_M                    | 200      |2,000000|1,000000|426777,00     |426777,00   |0,000000|468,00    |0,000000       


#====================================================================================================|220890.0

jeu_200_50_7.txt    |Cuadratica          |IHEAIHEA_M                    | 200      |3,900000|1,000000|220890,00     |220890,00   |0,000000|531,00    |0,000000       


#====================================================================================================|317952.0

jeu_200_50_8.txt    |Cuadratica          |IHEAIHEA_M                    | 200      |3,600000|1,000000|317952,00     |317952,00   |0,000000|513,00    |0,000000       


#====================================================================================================|104936.0

jeu_200_50_9.txt    |Cuadratica          |IHEAIHEA_M                    | 200      |2,100000|1,000000|104936,00     |104936,00   |0,000000|488,00    |0,000000       


#====================================================================================================|284751.0

jeu_200_50_10.txt   |Cuadratica          |IHEAIHEA_M                    | 200      |68,60   |0,200000|284751,00     |284743,40   |0,002669|761,00    |0,000000       


#====================================================================================================|442894.0

jeu_200_75_1.txt    |Cuadratica          |IHEAIHEA_M                    | 200      |4,200000|1,000000|442894,00     |442894,00   |0,000000|599,00    |0,000000       


#====================================================================================================|286643.0

jeu_200_75_2.txt    |Cuadratica          |IHEAIHEA_M                    | 200      |56,90   |0,500000|286643,00     |286640,00   |0,001047|811,00    |0,000000       


#====================================================================================================|61924.0

jeu_200_75_3.txt    |Cuadratica          |IHEAIHEA_M                    | 200      |2,000000|1,000000|61924,00      |61924,00    |0,000000|310,00    |0,000000       


#====================================================================================================|128351.0

jeu_200_75_4.txt    |Cuadratica          |IHEAIHEA_M                    | 200      |2,000000|1,000000|128351,00     |128351,00   |0,000000|398,00    |0,000000       


#====================================================================================================|137885.0

jeu_200_75_5.txt    |Cuadratica          |IHEAIHEA_M                    | 200      |2,000000|1,000000|137885,00     |137885,00   |0,000000|430,00    |0,000000       


#====================================================================================================|229631.0

jeu_200_75_6.txt    |Cuadratica          |IHEAIHEA_M                    | 200      |1,800000|1,000000|229631,00     |229631,00   |0,000000|497,00    |0,000000       


#====================================================================================================|269887.0

jeu_200_75_7.txt    |Cuadratica          |IHEAIHEA_M                    | 200      |2,000000|1,000000|269887,00     |269887,00   |0,000000|460,00    |0,000000       


#====================================================================================================|600858.0

jeu_200_75_8.txt    |Cuadratica          |IHEAIHEA_M                    | 200      |2,000000|1,000000|600858,00     |600858,00   |0,000000|387,00    |0,000000       


#====================================================================================================|516771.0

jeu_200_75_9.txt    |Cuadratica          |IHEAIHEA_M                    | 200      |3,600000|1,000000|516771,00     |516771,00   |0,000000|509,00    |0,000000       


#====================================================================================================|142694.0

jeu_200_75_10.txt   |Cuadratica          |IHEAIHEA_M                    | 200      |2,000000|1,000000|142694,00     |142694,00   |0,000000|365,00    |0,000000       


#====================================================================================================|937149.0

jeu_200_100_1.txt   |Cuadratica          |IHEAIHEA_M                    | 200      |2,300000|1,000000|937149,00     |937149,00   |0,000000|253,00    |0,000000       


#====================================================================================================|303058.0

jeu_200_100_2.txt   |Cuadratica          |IHEAIHEA_M                    | 200      |2,000000|1,000000|303058,00     |303058,00   |0,000000|495,00    |0,000000       


#====================================================================================================|29367.0

jeu_200_100_3.txt   |Cuadratica          |IHEAIHEA_M                    | 200      |2,000000|1,000000|29367,00      |29367,00    |0,000000|296,00    |0,000000       


#====================================================================================================|100838.0

jeu_200_100_4.txt   |Cuadratica          |IHEAIHEA_M                    | 200      |1,900000|1,000000|100838,00     |100838,00   |0,000000|360,00    |0,000000       


#====================================================================================================|786635.0

jeu_200_100_5.txt   |Cuadratica          |IHEAIHEA_M                    | 200      |7,400000|1,000000|786635,00     |786635,00   |0,000000|564,00    |0,000000       


#====================================================================================================|41171.0

jeu_200_100_6.txt   |Cuadratica          |IHEAIHEA_M                    | 200      |1,100000|1,000000|41171,00      |41171,00    |0,000000|171,00    |0,000000       


#====================================================================================================|701094.0

jeu_200_100_7.txt   |Cuadratica          |IHEAIHEA_M                    | 200      |16,70   |1,000000|701094,00     |701094,00   |0,000000|630,00    |0,000000       


#====================================================================================================|782443.0

jeu_200_100_8.txt   |Cuadratica          |IHEAIHEA_M                    | 200      |3,900000|1,000000|782443,00     |782443,00   |0,000000|528,00    |0,000000       


#====================================================================================================|628992.0

jeu_200_100_9.txt   |Cuadratica          |IHEAIHEA_M                    | 200      |12,70   |1,000000|628992,00     |628992,00   |0,000000|607,00    |0,000000       


#====================================================================================================|378442.0

jeu_200_100_10.txt  |Cuadratica          |IHEAIHEA_M                    | 200      |2,000000|1,000000|378442,00     |378442,00   |0,000000|507,00    |0,000000       


#====================================================================================================|29140.0

jeu_300_25_1.txt    |Cuadratica          |IHEAIHEA_M                    | 300      |3,000000|1,000000|29140,00      |29140,00    |0,000000|498,00    |0,000000       


#====================================================================================================|281990.0

jeu_300_25_2.txt    |Cuadratica          |IHEAIHEA_M                    | 300      |31,90   |0,900000|281990,00     |281988,30   |0,000603|823,00    |0,000000       


#====================================================================================================|444759.0

jeu_300_25_4.txt    |Cuadratica          |IHEAIHEA_M                    | 300      |74,50   |0,200000|444759,00     |444731,80   |0,006116|886,00    |0,000000       


#====================================================================================================|14988.0

jeu_300_25_5.txt    |Cuadratica          |IHEAIHEA_M                    | 300      |3,000000|1,000000|14988,00      |14988,00    |0,000000|509,00    |0,000000       


#====================================================================================================|269782.0

jeu_300_25_6.txt    |Cuadratica          |IHEAIHEA_M                    | 300      |2,000000|1,000000|269782,00     |269782,00   |0,000000|552,00    |0,000000       


#====================================================================================================|485263.0

jeu_300_25_7.txt    |Cuadratica          |IHEAIHEA_M                    | 300      |25,90   |1,000000|485263,00     |485263,00   |0,000000|730,00    |0,000000       


#====================================================================================================|9343.0

jeu_300_25_8.txt    |Cuadratica          |IHEAIHEA_M                    | 300      |1,900000|1,000000|9343,00       |9343,00     |0,000000|294,00    |0,000000       


#====================================================================================================|250761.0

jeu_300_25_9.txt    |Cuadratica          |IHEAIHEA_M                    | 300      |2,700000|1,000000|250761,00     |250761,00   |0,000000|554,00    |0,000000       


#====================================================================================================|383377.0

jeu_300_25_10.txt   |Cuadratica          |IHEAIHEA_M                    | 300      |2,200000|1,000000|383377,00     |383377,00   |0,000000|567,00    |0,000000       


#====================================================================================================|228681.0

jeu_300_25_11.txt   |Cuadratica          |IHEAIHEA_M                    | 300      |3,200000|1,000000|228681,00     |228681,00   |0,000000|581,00    |0,000000       


#====================================================================================================|392829.0

jeu_300_25_12.txt   |Cuadratica          |IHEAIHEA_M                    | 300      |7,900000|1,000000|392829,00     |392829,00   |0,000000|614,00    |0,000000       


#====================================================================================================|395598.0

jeu_300_25_13.txt   |Cuadratica          |IHEAIHEA_M                    | 300      |3,000000|1,000000|395598,00     |395598,00   |0,000000|568,00    |0,000000       


#====================================================================================================|462104.0

jeu_300_25_14.txt   |Cuadratica          |IHEAIHEA_M                    | 300      |2,300000|1,000000|462104,00     |462104,00   |0,000000|545,00    |0,000000       


#====================================================================================================|24516.0

jeu_300_25_15.txt   |Cuadratica          |IHEAIHEA_M                    | 300      |8,900000|1,000000|24516,00      |24516,00    |0,000000|590,00    |0,000000       


#====================================================================================================|60063.0

jeu_300_25_16.txt   |Cuadratica          |IHEAIHEA_M                    | 300      |4,500000|1,000000|60063,00      |60063,00    |0,000000|572,00    |0,000000       


#====================================================================================================|431225.0

jeu_300_25_17.txt   |Cuadratica          |IHEAIHEA_M                    | 300      |3,300000|1,000000|431225,00     |431225,00   |0,000000|589,00    |0,000000       


#====================================================================================================|516936.0

jeu_300_25_18.txt   |Cuadratica          |IHEAIHEA_M                    | 300      |2,000000|1,000000|516936,00     |516936,00   |0,000000|474,00    |0,000000       


#====================================================================================================|203262.0

jeu_300_25_19.txt   |Cuadratica          |IHEAIHEA_M                    | 300      |2,400000|1,000000|203262,00     |203262,00   |0,000000|546,00    |0,000000       


#====================================================================================================|311251.0

jeu_300_25_20.txt   |Cuadratica          |IHEAIHEA_M                    | 300      |2,900000|1,000000|311251,00     |311251,00   |0,000000|571,00    |0,000000       


#====================================================================================================|513379.0

jeu_300_50_1.txt    |Cuadratica          |IHEAIHEA_M                    | 300      |2,900000|1,000000|513379,00     |513379,00   |0,000000|554,00    |0,000000       


#====================================================================================================|105543.0

jeu_300_50_2.txt    |Cuadratica          |IHEAIHEA_M                    | 300      |1,700000|1,000000|105543,00     |105543,00   |0,000000|476,00    |0,000000       


#====================================================================================================|875788.0

jeu_300_50_3.txt    |Cuadratica          |IHEAIHEA_M                    | 300      |2,200000|1,000000|875788,00     |875788,00   |0,000000|511,00    |0,000000       


#====================================================================================================|307124.0

jeu_300_50_4.txt    |Cuadratica          |IHEAIHEA_M                    | 300      |2,300000|1,000000|307124,00     |307124,00   |0,000000|522,00    |0,000000       


#====================================================================================================|727820.0

jeu_300_50_5.txt    |Cuadratica          |IHEAIHEA_M                    | 300      |2,000000|1,000000|727820,00     |727820,00   |0,000000|504,00    |0,000000       


#====================================================================================================|734053.0

jeu_300_50_6.txt    |Cuadratica          |IHEAIHEA_M                    | 300      |2,100000|1,000000|734053,00     |734053,00   |0,000000|518,00    |0,000000       


#====================================================================================================|43595.0

jeu_300_50_7.txt    |Cuadratica          |IHEAIHEA_M                    | 300      |2,400000|1,000000|43595,00      |43595,00    |0,000000|477,00    |0,000000       


#====================================================================================================|767977.0

jeu_300_50_8.txt    |Cuadratica          |IHEAIHEA_M                    | 300      |2,100000|1,000000|767977,00     |767977,00   |0,000000|520,00    |0,000000       


#====================================================================================================|761351.0

jeu_300_50_9.txt    |Cuadratica          |IHEAIHEA_M                    | 300      |6,800000|1,000000|761351,00     |761351,00   |0,000000|591,00    |0,000000       


#====================================================================================================|996070.0

jeu_300_50_10.txt   |Cuadratica          |IHEAIHEA_M                    | 300      |2,600000|1,000000|996070,00     |996070,00   |0,000000|523,00    |0,000000       


#====================================================================================================|423256.0

jeu_300_50_11.txt   |Cuadratica          |IHEAIHEA_M                    | 300      |14,20   |1,000000|423256,00     |423256,00   |0,000000|711,00    |0,000000       


#====================================================================================================|407905.0

jeu_300_50_12.txt   |Cuadratica          |IHEAIHEA_M                    | 300      |2,100000|1,000000|407905,00     |407905,00   |0,000000|563,00    |0,000000       


#====================================================================================================|205566.0

jeu_300_50_13.txt   |Cuadratica          |IHEAIHEA_M                    | 300      |2,000000|1,000000|205566,00     |205566,00   |0,000000|563,00    |0,000000       


#====================================================================================================|972880.0

jeu_300_50_14.txt   |Cuadratica          |IHEAIHEA_M                    | 300      |73,80   |0,200000|972880,00     |972875,20   |0,000493|864,00    |0,000000       


#====================================================================================================|958289.0

jeu_300_50_15.txt   |Cuadratica          |IHEAIHEA_M                    | 300      |2,100000|1,000000|958289,00     |958289,00   |0,000000|535,00    |0,000000       


#====================================================================================================|1038127.0

jeu_300_50_16.txt   |Cuadratica          |IHEAIHEA_M                    | 300      |35,20   |0,900000|1038127,00    |1038094,50  |0,003131|706,00    |0,000000       


#====================================================================================================|253808.0

jeu_300_50_17.txt   |Cuadratica          |IHEAIHEA_M                    | 300      |2,400000|1,000000|253808,00     |253808,00   |0,000000|478,00    |0,000000       


#====================================================================================================|98772.0

jeu_300_50_18.txt   |Cuadratica          |IHEAIHEA_M                    | 300      |4,800000|1,000000|98772,00      |98772,00    |0,000000|529,00    |0,000000       


#====================================================================================================|559374.0

jeu_300_50_19.txt   |Cuadratica          |IHEAIHEA_M                    | 300      |2,000000|1,000000|559374,00     |559374,00   |0,000000|572,00    |0,000000       


#====================================================================================================|890913.0

jeu_300_50_20.txt   |Cuadratica          |IHEAIHEA_M                    | 300      |2,400000|1,000000|890913,00     |890913,00   |0,000000|503,00    |0,000000       


--------------------RESUMEN-----------------
Algoritmo[IHEAIHEA_M]
aciertos:95,56%
desviacion:0,000545
tiempo promedio:447,29ms
-----------

